0
0
0
0
0
0
0
0
0
0
0
0
0
0
0
0
0
0
0
0
0
0
0
0
2
8
18
29
44
102
85
87
59
34
41
37
37
25
29
35
31
49
44
64
64
74
109
142
158
168
217
247
279
330
394
389
462
475
498
533
648
628
709
673
750
793
828
948
975
1034
1113
1139
1202
1423
1490
1512
1598
1689
1782
1930
1980
2037
2084
2261
2343
2392
2473
2594
2697
2730
2927
3251
3237
3338
3421
3254
3167
3036
2915
2926
2711
2635
2590
2513
2365
2402
2282
2172
2082
2063
1977
1885
1774
1687
1716
1623
1669
1621
1485
1518
1343
1376
1240
1334
1162
1133
1064
978
974
908
825
883
793
733
733
694
677
649
654
572
545
540
499
530
432
460
470
390
331
357
326
308
302
284
265
244
267
254
214
221
236
240
205
193
183
170
167
157
143
115
131
117
102
120
102
96
79
79
75
67
59
53
53
63
52
62
50
40
36
36
40
35
27
29
38
26
26
30
20
26
28
29
21
26
22
21
21
25
20
19
21
15
21
14
19
17
15
18
14
7
12
15
12
11
18
12
13
22
12
7
8
12
9
8
9
10
4
6
4
2
10
11
13
5
9
3
11
5
5
7
11
11
24
21
18
0
