9
123
242
315
571
782
692
611
552
494
491
412
429
495
478
489
459
476
555
530
562
551
548
560
614
585
629
617
615
643
732
755
754
762
839
875
879
948
958
1091
1083
1109
1124
1236
1265
1337
1377
1319
1431
1516
1463
1549
1554
1644
1646
1678
1627
1637
1674
1709
1629
1646
1619
1542
1694
1619
1548
1485
1534
1430
1457
1382
1297
1326
1292
1271
1215
1177
1156
1175
1046
1043
974
919
909
881
880
857
826
828
748
775
709
691
653
640
656
627
599
598
575
622
567
571
532
558
532
512
556
536
516
516
473
490
505
550
486
513
500
490
500
523
497
479
516
503
487
478
488
500
473
436
470
441
481
484
543
502
477
497
501
501
497
409
494
441
429
472
497
491
445
498
439
448
471
473
489
510
488
434
417
451
428
427
444
466
400
395
452
424
449
446
435
406
400
372
381
414
393
428
403
401
392
399
364
358
358
350
353
319
308
336
300
310
270
300
311
281
289
262
242
263
213
220
221
205
233
183
210
212
178
213
191
172
179
211
206
172
168
187
227
213
213
185
205
178
172
172
150
144
135
113
115
137
99
108
107
92
83
100
56
89
78
61
78
77
65
71
106
119
162
228
307
473
1136
2321
