0
0
0
0
0
0
0
0
0
0
0
0
0
0
0
0
0
0
0
0
0
0
0
7
17
40
162
570
403
209
152
199
289
365
406
489
534
910
1062
1225
2006
2910
2892
2199
1785
1557
1530
1509
1734
1508
1257
1048
982
589
486
477
486
524
513
457
479
508
475
448
431
419
424
488
456
491
523
541
664
719
726
785
867
904
959
979
1139
1234
1310
1348
1378
1375
1446
1565
1627
1753
1724
1860
1884
2037
2100
2133
2338
2271
2268
2363
2440
2488
2539
2575
2486
2571
2483
2441
2488
2437
2246
2256
2180
2022
2033
1889
1753
1663
1614
1558
1506
1439
1367
1298
1228
1167
1064
950
963
874
795
727
661
589
581
490
472
450
354
356
341
334
258
290
273
234
205
206
215
167
199
160
181
168
158
151
136
166
137
152
145
152
124
140
134
143
126
129
119
114
136
89
121
110
109
90
108
108
117
98
101
97
104
81
93
101
93
89
114
98
88
96
98
87
87
80
83
97
89
86
79
99
80
81
69
76
78
80
78
57
63
70
53
38
44
44
55
64
56
52
48
52
44
50
58
51
51
43
37
55
53
33
42
44
47
46
52
37
38
42
42
43
49
41
46
51
46
30
44
37
46
72
68
123
339
260
