0
0
0
0
0
0
0
0
0
0
0
0
0
0
0
0
0
0
0
0
0
0
0
0
3
2
4
11
19
55
107
185
256
309
362
395
471
529
586
682
740
769
818
972
1087
1148
1214
1244
1400
1363
1480
1520
1640
1707
1745
1817
1878
1823
1713
1804
1802
1873
1887
1922
1847
1749
1754
1708
1755
1625
1660
1759
1706
1807
1752
1759
1754
1754
1778
1708
1798
1822
1784
1811
1778
1817
1768
1776
1774
1790
1858
1777
1744
1779
1851
1899
1978
1881
1786
1794
1711
1688
1512
1508
1498
1295
1259
1194
1132
1053
1018
986
970
994
931
871
910
900
837
812
842
821
845
796
759
735
733
704
668
647
655
614
653
601
574
540
531
500
490
450
462
402
397
371
386
408
347
392
340
335
319
319
311
302
264
270
257
259
235
238
232
211
208
217
207
219
209
210
182
182
176
160
171
173
166
186
171
172
179
160
165
178
144
136
154
145
110
112
102
89
104
107
94
83
112
90
94
106
95
82
74
66
62
71
65
57
67
55
53
56
68
50
66
52
47
52
35
35
47
34
41
33
35
35
36
39
24
40
36
36
29
29
25
28
18
33
29
23
34
30
27
21
17
24
13
20
11
10
21
8
16
16
17
8
1
0
