1
9
41
32
81
59
82
57
83
75
56
65
68
59
75
74
81
71
86
86
94
86
99
101
101
104
103
132
133
125
146
123
142
145
131
169
179
189
179
177
202
219
248
252
243
243
286
293
303
314
331
357
347
364
391
407
435
455
485
480
534
520
540
555
563
612
571
555
588
654
631
726
779
815
819
926
909
941
893
863
900
955
1014
1013
1055
1100
1076
1113
1091
1090
1047
998
935
899
799
843
835
813
830
819
849
852
871
892
951
1026
1064
1021
1009
1070
1109
1063
1054
1055
1059
1066
1110
1079
1119
1160
1165
1070
1086
1070
1096
1026
1015
1034
999
969
928
897
911
871
834
898
872
884
833
821
905
909
829
812
773
763
713
696
679
650
627
611
617
580
534
511
486
494
493
488
498
507
481
508
412
438
384
397
412
396
369
388
388
350
366
314
350
341
297
254
237
254
229
217
223
197
189
171
180
183
134
155
133
138
114
110
105
96
80
100
81
73
52
63
51
54
36
41
32
50
41
45
29
39
26
23
24
19
25
15
30
19
16
19
16
13
19
17
21
14
25
19
18
14
17
18
17
10
16
20
40
60
76
92
120
130
183
230
265
362
359
519
957
1499
3616
36920
