0
0
0
0
0
0
0
0
0
0
0
0
0
0
0
0
2
0
5
6
7
21
46
65
130
248
727
2015
2007
1571
1197
974
898
791
761
746
810
774
767
760
769
831
932
941
905
885
922
898
935
904
889
958
982
971
946
958
992
1026
965
1041
1080
1000
1066
1024
1033
1019
1051
1049
1029
1058
1015
999
1041
1020
1027
1020
989
1002
961
894
933
964
945
902
924
839
908
895
904
887
867
765
807
800
791
816
762
760
780
716
719
686
687
693
686
684
659
686
661
632
612
646
638
588
554
569
554
556
592
550
544
532
517
501
525
500
537
515
461
455
487
468
471
469
459
454
476
489
412
445
411
421
411
395
390
417
407
426
414
380
391
381
364
367
329
358
331
329
343
350
355
325
327
340
294
298
314
314
324
334
313
300
272
294
310
296
262
273
327
309
280
293
280
296
274
267
297
274
289
265
304
277
305
267
286
264
279
315
252
282
253
290
284
274
297
269
274
281
288
299
279
287
270
304
267
298
276
308
288
274
274
302
308
310
287
309
336
336
370
306
303
328
333
383
328
343
334
350
368
386
417
404
423
456
447
548
532
644
813
880
1049
1862
2915
5206
8269
4151
