0
0
0
0
0
0
0
0
0
0
0
0
0
0
0
0
0
0
0
0
0
0
0
0
0
0
0
0
2
3
19
40
73
122
179
241
278
279
325
324
325
336
300
332
299
313
346
365
358
449
686
934
1202
2058
3120
3637
3592
3779
3619
2688
2147
1577
962
754
676
651
622
663
680
627
634
665
673
645
585
555
573
553
603
544
576
578
536
591
570
599
600
589
603
601
632
674
572
709
712
710
739
764
827
860
852
821
978
1009
1217
1405
1530
1568
1611
1678
1660
1713
1713
1608
1574
1534
1577
1709
1819
1946
2066
2138
2486
2549
2522
2726
3075
3056
3145
3446
3870
4228
4298
4203
3724
3285
2574
2087
1800
1522
1260
1073
786
669
597
471
398
455
298
163
84
71
56
56
48
57
40
33
53
31
32
20
31
32
32
19
27
15
15
12
17
14
11
8
1
8
7
2
2
3
0
1
2
1
0
0
0
1
1
0
0
0
0
0
0
0
1
0
0
0
1
0
1
1
0
1
0
0
0
1
1
0
0
0
0
1
1
0
0
0
0
1
1
0
0
1
0
0
0
0
0
0
0
0
0
0
0
0
0
0
0
0
0
0
0
0
0
0
0
0
0
0
0
0
0
0
