0
0
0
0
0
0
0
0
0
0
0
0
0
0
0
0
0
0
1
0
1
0
0
6
13
33
73
167
331
768
795
652
559
485
497
470
536
586
559
605
616
619
632
652
611
630
666
650
633
687
701
746
760
862
930
926
1060
1112
1151
1217
1242
1284
1326
1352
1328
1357
1410
1387
1405
1380
1489
1510
1542
1580
1604
1653
1708
1765
1761
1785
1868
1968
2008
2163
2254
2348
2349
2376
2418
2387
2249
2104
2063
2125
1990
1893
1849
1887
1868
1800
1767
1811
1698
1632
1561
1548
1526
1397
1381
1140
1222
1057
1048
1056
958
935
876
803
815
850
794
823
803
795
832
787
754
762
738
773
787
734
769
818
757
747
711
685
701
673
637
657
629
598
563
607
571
541
527
509
490
509
461
487
432
446
435
378
379
382
340
395
353
370
339
324
304
269
268
307
287
280
254
239
241
216
219
225
216
190
199
181
200
191
182
150
165
152
159
148
124
117
123
117
111
100
102
72
69
57
61
64
51
45
40
54
31
35
28
22
19
18
15
17
13
12
13
9
9
10
11
8
10
9
4
5
5
3
3
2
3
2
0
0
1
1
0
2
1
3
0
0
1
0
0
1
1
1
0
1
1
0
0
2
4
0
