0
0
0
0
0
0
0
0
0
0
0
0
0
0
0
0
0
0
1
4
3
11
25
51
72
104
207
299
279
274
266
294
300
317
270
287
300
330
322
315
328
268
293
369
417
554
621
667
747
794
1024
1331
1483
1567
1725
1737
1698
1791
1757
1825
1845
1891
1844
1852
1717
1683
1660
1475
1495
1507
1432
1477
1454
1527
1272
1322
1251
1356
1260
1263
1210
1162
1159
1217
1098
1119
1133
1120
998
1002
1018
902
935
916
861
816
848
801
844
861
848
792
848
772
812
856
804
817
851
849
836
820
836
897
827
789
835
836
877
792
731
803
728
764
735
745
749
742
676
726
702
677
634
660
654
641
609
549
591
592
624
545
593
535
580
643
654
665
692
712
768
686
690
714
613
643
644
664
708
641
647
705
718
835
761
891
928
797
755
630
590
636
637
612
637
555
525
439
375
382
343
351
321
365
430
400
459
457
401
440
369
355
361
379
434
448
441
493
439
453
525
509
555
510
432
424
374
424
379
335
395
380
467
469
352
223
188
128
105
112
112
109
123
121
120
124
148
125
145
121
135
132
142
150
140
165
161
162
173
183
154
169
193
171
204
207
195
200
221
209
257
277
351
416
515
145
