0
0
0
0
0
0
0
0
0
0
0
0
0
0
0
0
0
0
0
0
0
1
0
1
2
9
56
152
309
368
332
278
300
284
229
192
222
252
275
239
224
243
234
282
278
288
315
321
335
389
378
420
443
410
471
475
501
550
583
547
620
636
639
617
634
660
706
805
793
890
846
905
965
992
1047
1039
1110
1063
967
1010
1018
985
1106
1043
1125
1133
1202
1219
1306
1360
1377
1410
1341
1332
1348
1340
1369
1428
1448
1468
1454
1498
1565
1657
1638
1695
1690
1630
1586
1611
1669
1655
1755
1728
1755
1685
1694
1716
1711
1762
1601
1585
1679
1581
1552
1552
1552
1553
1465
1495
1440
1379
1321
1265
1228
1246
1205
1154
1165
1163
1133
1094
1012
994
946
923
916
911
884
845
808
809
755
678
686
681
654
623
556
570
538
556
513
494
468
488
486
448
422
375
408
373
381
344
377
365
389
302
308
340
301
276
290
273
256
256
255
261
231
250
232
234
209
253
226
208
213
206
206
204
199
175
183
209
177
189
168
173
172
192
168
163
185
157
141
134
147
138
147
134
151
137
162
149
158
119
135
138
135
133
133
120
138
116
127
131
104
114
120
123
117
135
112
112
111
115
135
134
142
202
216
277
421
517
834
309
