0
0
0
0
0
0
0
0
0
0
0
0
0
0
0
0
0
0
0
0
0
0
0
0
0
0
0
0
0
0
0
0
0
1
5
5
11
36
27
21
41
52
44
71
86
127
126
150
174
229
238
259
256
249
225
244
247
248
259
275
304
325
315
323
342
381
372
405
470
503
492
565
634
583
638
660
659
651
740
689
740
787
829
815
802
843
864
901
898
924
829
826
813
841
816
775
835
813
748
743
812
749
798
722
754
724
763
723
683
668
644
722
658
641
606
603
532
552
552
525
536
533
524
490
467
475
451
467
422
416
418
440
454
484
469
520
492
518
487
524
511
439
441
470
525
547
574
539
524
583
544
553
566
580
621
620
625
635
587
644
652
678
669
727
682
626
685
593
563
564
508
516
535
531
556
545
611
552
616
636
644
737
755
767
752
781
805
818
896
1019
1152
1088
1036
1022
1068
1121
1096
1137
1187
1161
1091
1148
1026
937
877
778
827
819
726
722
763
692
672
698
776
702
690
680
698
673
701
655
675
703
733
710
715
753
746
754
738
736
797
828
893
878
999
993
1047
1106
1158
1200
1336
1420
1557
1731
1656
1590
1897
2668
4350
4760
1235
167
77
12
