0
0
0
0
0
0
0
0
0
0
0
0
0
0
0
0
0
0
0
0
0
0
0
0
2
6
13
17
47
84
142
294
438
479
472
446
386
416
407
406
429
469
527
481
515
510
526
546
539
641
666
736
823
892
1033
1060
1129
1241
1362
1366
1364
1386
1353
1348
1295
1225
1247
1265
1239
1185
1195
1158
1128
1106
1071
1126
1128
1049
1119
1089
1152
1125
1166
1273
1387
1548
1646
1904
2088
2414
2626
2754
2989
3145
3209
3186
3070
3047
2891
2821
2465
2341
2183
1963
1813
1687
1528
1454
1340
1192
1158
1180
991
987
901
933
856
788
758
709
673
650
656
670
605
627
579
548
527
497
495
421
464
437
446
446
404
381
418
433
409
387
430
397
416
436
376
409
411
408
379
395
347
339
351
324
308
323
322
286
288
276
278
270
237
276
250
250
275
240
250
245
243
221
236
224
203
209
241
196
220
188
206
195
201
173
174
180
209
177
190
199
162
187
182
199
162
195
168
172
185
169
180
181
156
179
182
176
172
156
189
184
191
185
162
173
162
161
181
196
160
205
187
166
176
159
172
183
216
172
193
208
226
206
226
224
211
205
183
211
202
231
207
213
221
163
179
169
163
186
162
195
234
330
812
558
