0
0
0
0
0
0
0
0
0
0
0
0
0
0
0
0
0
0
0
0
0
0
0
5
15
44
97
206
308
416
485
575
630
724
729
820
899
1021
1175
1329
1623
2033
2472
3479
4463
5691
7046
8349
8787
8512
8113
6666
5693
5142
4260
2810
2061
1648
1344
1237
1117
1057
1000
1036
1075
1021
894
767
806
722
695
601
595
509
468
459
476
447
462
435
526
652
857
1181
1472
1587
1308
1423
1679
1856
2298
2324
1874
1239
922
972
1202
1057
642
246
136
111
71
50
61
59
42
56
59
54
54
65
63
67
60
61
82
73
80
93
83
88
92
85
91
109
105
100
91
113
106
96
101
92
80
90
69
75
83
88
96
76
89
81
92
65
61
62
77
71
62
77
61
62
63
68
63
60
58
58
60
54
58
73
56
68
46
51
57
57
54
53
57
34
51
48
42
49
47
44
37
42
49
43
35
47
49
48
46
52
37
51
34
53
52
46
56
44
47
43
47
57
67
58
70
47
65
55
58
62
73
65
68
55
67
75
62
64
63
65
70
75
73
69
80
96
82
70
99
75
90
96
86
105
91
84
89
97
94
103
102
112
103
100
95
103
110
116
116
146
134
182
218
297
663
1365
