0
0
0
0
0
0
0
0
0
0
0
0
0
0
0
1
1
1
6
5
11
11
40
92
104
262
413
751
965
946
868
883
839
954
1063
1003
1112
1216
1278
1363
1433
1533
1565
1671
1675
1832
1845
1994
2064
2133
2156
2270
2245
2327
2278
2373
2338
2350
2474
2396
2339
2358
2332
2232
2280
2216
2084
2090
2071
1975
1929
1893
1865
1804
1729
1723
1639
1527
1543
1489
1478
1389
1453
1331
1258
1204
1229
1141
1084
1147
1129
1104
1103
1052
1092
1085
1092
1002
970
979
959
940
845
863
815
826
809
803
804
809
773
726
724
714
710
656
656
659
632
656
621
602
553
551
519
503
472
500
480
406
427
414
331
377
393
372
348
340
386
340
329
358
334
329
305
290
293
252
268
209
202
187
168
193
172
166
160
187
160
139
146
147
153
129
125
136
151
129
135
120
116
123
109
105
122
123
111
106
106
101
92
111
96
103
103
94
83
100
126
93
81
87
99
100
92
71
82
88
87
74
71
96
89
79
70
81
67
68
73
64
67
55
71
60
68
58
64
69
62
66
56
55
37
52
50
61
52
45
36
47
48
46
44
40
37
31
27
25
31
43
28
32
33
36
44
38
43
53
55
68
94
121
154
183
161
47
