0
0
0
0
0
0
0
0
0
0
0
0
0
0
0
1
0
0
4
0
1
8
16
32
54
129
356
1130
1923
1935
1932
2048
2042
2211
2326
2456
2669
2696
2821
2744
2708
2516
2452
2398
2265
2292
2172
2179
2195
2046
1993
1803
1863
1878
1821
1842
1867
1832
1856
1935
1868
1939
1907
1965
1910
1876
1926
1903
1847
1820
1752
1785
1652
1664
1548
1630
1553
1506
1433
1368
1361
1298
1346
1224
1204
1214
1215
1101
1114
1105
1058
1081
1021
1072
1015
903
941
868
797
831
771
736
705
637
650
592
590
533
481
486
453
415
392
386
354
356
296
300
300
312
259
278
239
230
243
218
214
215
207
192
186
186
190
185
146
188
164
138
167
121
143
141
133
138
139
137
141
137
107
122
137
117
112
119
116
145
128
123
122
129
134
134
124
118
134
138
110
115
116
119
156
146
155
166
163
154
161
173
158
172
217
229
258
225
215
192
231
249
217
205
230
214
218
212
205
189
157
158
136
136
137
118
120
123
110
108
86
97
69
85
75
69
69
68
67
56
60
60
49
48
51
48
45
46
36
25
34
32
38
37
33
40
31
29
33
28
35
27
29
41
40
32
37
29
43
48
32
33
39
35
42
56
85
88
62
4
