0
0
0
0
0
0
0
0
0
0
0
0
0
0
0
0
0
0
0
0
0
0
0
0
0
0
0
0
0
0
0
1
2
4
6
11
14
18
12
21
21
35
32
44
63
61
92
100
80
71
92
93
98
115
129
162
164
193
215
235
249
227
248
219
237
197
202
192
226
202
181
185
173
168
132
129
114
144
150
137
132
143
156
143
187
155
203
204
213
203
217
234
282
280
326
327
368
469
484
544
613
669
722
789
845
972
1068
1152
1273
1412
1484
1613
1753
1990
1938
2072
2225
2324
2554
2655
2736
2826
3042
3201
3367
3437
3324
3484
3628
3704
3641
3800
3786
3862
3847
4059
4068
4053
3911
3794
3663
3592
3481
3422
3247
3059
2853
2491
2445
2093
1821
1578
1305
1048
936
814
608
488
430
345
292
219
172
144
153
89
65
52
63
51
57
33
26
25
22
26
24
15
12
15
8
7
6
9
11
13
6
4
8
8
4
6
1
6
5
4
2
3
6
3
6
8
5
4
6
6
2
7
6
7
5
4
3
4
3
3
0
3
5
3
4
4
4
3
1
3
5
6
0
3
4
1
5
0
1
1
4
1
1
1
1
0
1
0
2
1
0
1
0
0
0
0
0
0
0
0
