0
0
0
0
0
0
0
0
0
0
0
0
0
0
0
0
0
0
0
0
0
0
0
0
0
0
0
0
0
0
0
0
0
0
1
0
2
0
2
10
21
17
21
25
28
35
39
34
46
47
64
55
54
52
63
68
76
85
96
94
121
120
132
121
158
179
152
184
184
217
229
236
257
279
323
288
308
335
324
340
357
338
330
323
341
343
325
389
421
414
408
378
410
445
464
454
491
455
452
457
491
501
454
457
538
536
505
547
554
535
568
549
608
634
594
655
603
650
665
673
687
731
664
727
731
693
753
749
759
744
806
791
874
815
825
838
856
895
837
843
947
874
949
888
890
868
822
852
907
809
828
867
855
840
828
802
767
785
737
753
761
770
740
847
756
779
773
757
763
801
767
786
744
820
788
813
705
781
808
829
808
779
775
819
807
762
743
778
833
766
802
764
771
789
862
753
786
802
768
785
795
752
750
751
738
715
708
703
662
718
644
726
689
668
675
702
658
694
695
644
690
660
660
671
617
633
612
666
608
637
574
582
625
567
588
565
601
654
542
589
644
679
672
770
765
826
934
967
1226
1418
1650
2335
2695
3035
3817
16880
