0
0
0
0
0
0
0
0
0
0
0
0
0
0
0
0
0
2
1
3
9
21
51
78
152
264
496
929
1523
1813
1631
1710
1678
1641
1786
1853
1891
1939
2041
2165
2138
2179
2311
2361
2445
2463
2552
2529
2582
2589
2579
2614
2525
2601
2534
2410
2504
2247
2339
2228
2228
2138
2140
2048
1964
1975
1953
1820
1794
1824
1788
1713
1682
1549
1527
1464
1483
1480
1440
1370
1295
1201
1252
1137
1138
1097
1056
985
948
918
927
883
847
797
807
748
759
702
706
624
610
644
652
580
537
495
545
565
486
503
441
451
453
426
416
382
390
383
361
364
366
371
362
352
313
313
295
289
281
268
274
277
244
227
252
208
209
224
239
230
213
242
201
187
181
183
175
179
170
172
191
152
160
181
172
143
164
149
147
156
138
129
126
146
125
138
129
150
142
120
125
142
104
105
119
126
106
132
130
114
105
99
99
107
101
75
90
102
107
72
84
86
91
87
84
83
65
87
66
64
81
71
73
78
76
73
72
63
75
72
59
69
54
80
55
81
56
73
72
66
66
59
55
58
53
54
66
50
51
57
55
62
62
60
68
64
65
83
83
69
70
64
82
100
93
114
118
143
160
127
142
173
203
194
219
50
