0
0
0
0
0
0
0
0
0
0
0
0
0
0
0
0
0
0
0
0
0
0
0
0
0
0
0
2
1
4
1
4
4
10
9
7
6
8
26
30
27
45
56
73
82
92
108
128
135
148
156
158
169
210
188
235
182
203
195
261
239
245
221
282
287
312
324
349
389
436
502
519
581
641
630
699
742
846
876
982
1106
1208
1426
1612
1709
1829
1934
2075
2128
2397
2468
2694
2783
2904
3042
3124
3114
3287
3248
3185
3123
3167
3188
3209
3217
3140
3121
3250
3370
3260
3373
3504
3486
3599
3711
3626
3719
3539
3528
3128
3014
2738
2432
2006
1722
1416
1201
960
779
662
633
543
430
377
304
297
263
246
222
209
178
189
157
134
138
131
140
130
133
122
132
131
125
133
152
136
172
178
153
143
136
145
143
157
160
165
148
125
137
122
97
104
104
88
84
74
82
63
52
57
59
57
42
46
53
28
43
31
30
21
29
32
29
26
35
34
22
32
27
19
24
22
18
22
18
20
30
28
22
18
11
18
18
12
10
19
9
16
15
8
13
14
10
6
6
9
6
7
6
4
6
7
3
6
6
9
3
4
2
4
6
3
2
1
1
2
0
2
0
0
0
0
0
0
0
0
