0
0
0
0
0
0
0
0
0
0
0
0
0
0
0
1
2
5
17
37
33
76
131
257
476
820
1850
16101
13883
6580
3977
3089
2629
2410
2335
2121
1998
1824
1810
1726
1676
1658
1712
1643
1572
1548
1599
1614
1522
1536
1562
1521
1477
1428
1414
1414
1417
1376
1322
1311
1273
1216
1233
1262
1180
1173
1116
1030
1077
1042
1019
1009
965
951
889
844
853
837
807
829
822
795
793
731
730
685
713
700
672
658
659
631
658
641
581
590
538
541
575
535
526
502
506
486
505
466
448
408
433
451
417
381
353
362
374
338
313
283
300
319
282
322
300
259
301
277
313
260
273
265
289
276
256
226
223
238
217
239
218
224
187
208
201
199
169
180
189
155
177
162
174
151
162
155
133
151
157
132
144
131
146
132
123
131
118
120
113
117
93
130
101
121
124
94
107
91
102
118
90
86
100
94
97
81
84
108
104
99
89
84
72
84
91
84
73
70
75
90
88
83
69
76
86
87
74
72
102
67
75
96
83
79
81
71
95
81
68
81
57
72
86
74
77
82
69
75
81
85
62
67
75
57
73
66
75
63
59
73
61
82
76
80
59
77
83
90
85
108
101
134
190
250
349
363
213
13
