0
0
0
0
0
0
0
0
0
0
0
0
0
0
0
0
0
0
0
0
0
0
0
0
0
0
0
0
0
0
0
0
0
0
0
0
0
1
0
0
0
0
1
1
6
6
13
14
23
24
38
47
49
44
85
95
103
124
130
134
169
144
141
136
143
143
158
176
170
160
183
175
165
208
168
196
193
207
180
200
249
207
232
226
244
265
270
273
285
314
352
332
318
354
376
377
370
418
399
425
450
437
445
468
483
516
438
521
529
572
572
578
580
604
585
601
650
642
622
714
685
700
739
771
748
746
821
811
856
877
873
891
917
898
914
889
897
911
911
926
907
910
879
903
951
885
922
908
919
881
861
868
872
863
807
867
869
864
856
885
858
902
942
913
973
1011
1038
1142
1170
1331
1378
1503
1485
1578
1690
1782
1933
1983
2096
2128
2186
2231
2293
2289
2367
2312
2362
2344
2284
2231
2258
2111
2022
1900
1849
1718
1618
1496
1501
1404
1284
1192
1143
1005
896
896
820
864
760
770
696
659
627
596
618
575
557
527
462
513
456
484
507
460
445
464
428
440
453
453
438
448
473
463
576
672
761
961
1155
1096
879
673
349
198
126
65
36
18
13
18
16
29
51
59
52
10
