0
0
0
0
0
0
0
0
0
0
0
0
0
0
0
0
0
0
0
0
0
0
0
0
0
0
0
0
0
0
0
0
2
3
1
2
4
5
21
39
52
83
129
208
224
231
299
327
377
509
553
696
827
1033
1233
1268
1299
1315
1326
1401
1546
1448
1422
1650
1819
1913
1968
2163
2295
2199
2096
1984
1945
2079
2110
2059
1936
2044
2012
1952
1967
2002
2017
2078
2032
1953
2028
2071
1960
1886
1973
1901
1928
1974
1932
1846
1759
1823
1891
1788
1735
1756
1699
1688
1632
1581
1535
1544
1544
1471
1416
1359
1450
1282
1287
1283
1147
1157
1147
1037
1030
944
994
943
993
900
899
871
861
804
843
759
720
724
665
646
584
612
583
600
602
480
503
489
509
508
506
446
463
431
436
401
405
407
390
383
354
349
306
301
290
279
281
285
246
250
262
232
246
246
209
206
225
209
187
209
190
176
169
176
164
183
157
153
166
138
146
128
112
137
120
150
131
121
116
112
101
102
111
100
91
106
111
90
86
77
79
74
85
78
81
95
74
75
62
85
73
77
64
59
53
49
53
52
38
46
50
52
48
48
65
41
53
43
40
36
36
21
20
29
31
26
16
27
15
26
17
10
23
37
38
33
42
27
6
1
