0
0
0
0
0
0
0
0
0
0
0
0
0
0
0
0
0
0
0
0
0
0
0
0
0
0
0
0
0
0
0
0
0
1
0
2
1
6
6
6
19
44
86
94
90
102
107
171
232
311
345
450
607
791
800
825
923
911
895
895
796
783
685
652
634
613
555
503
490
503
491
521
453
494
474
524
569
515
577
610
578
587
599
640
648
628
691
677
698
728
686
738
778
743
796
792
762
829
829
815
841
824
904
892
878
845
869
894
897
863
913
921
968
912
966
915
969
915
894
925
910
964
890
892
975
933
867
858
886
920
918
884
961
896
926
895
950
939
936
930
971
963
963
966
957
966
948
892
934
880
907
903
883
937
907
852
918
952
866
951
936
929
918
960
950
899
870
878
937
910
906
934
888
831
928
877
859
880
830
861
870
830
889
798
766
757
763
782
736
695
697
682
663
655
634
616
640
593
616
659
585
602
572
643
619
652
690
686
693
764
822
935
1108
1160
1132
1634
2351
1542
1825
1528
1166
1197
1279
964
957
1018
715
771
599
415
484
385
394
413
441
275
195
94
82
79
57
45
58
45
66
28
16
12
8
8
3
6
3
2
1
0
