0
0
0
0
0
0
0
0
0
0
0
0
0
0
0
0
0
0
0
0
0
0
0
0
0
0
0
0
0
0
0
0
1
1
3
15
7
21
35
59
99
112
133
152
135
194
181
194
216
220
208
261
289
322
324
371
357
337
332
375
370
370
395
408
451
428
431
431
453
458
505
555
618
511
566
596
620
572
590
627
579
608
591
613
594
596
615
614
606
559
592
611
530
614
601
620
643
650
671
656
688
731
649
701
716
712
773
800
784
826
772
856
888
930
888
1021
1033
950
1053
1119
1071
1117
1092
1150
1100
1245
1172
1212
1229
1281
1310
1317
1339
1257
1317
1278
1390
1338
1314
1297
1365
1319
1344
1329
1319
1301
1264
1280
1223
1177
1219
1198
1220
1151
1160
1175
1089
1105
1083
1088
1034
1013
1053
1010
949
965
960
936
1015
907
847
906
863
860
878
844
791
793
773
749
791
782
757
709
701
698
657
677
654
663
603
633
607
565
611
608
566
574
521
514
505
485
487
506
500
474
534
474
401
428
449
453
446
425
433
402
410
350
353
376
357
362
333
328
316
338
334
316
290
310
323
296
287
282
280
290
280
243
293
249
242
266
252
259
239
235
281
276
283
414
663
1228
1647
2540
4125
2219
