0
0
3
0
11
13
24
50
85
154
197
261
336
412
465
497
467
485
451
436
448
467
495
493
500
514
535
491
493
475
540
521
620
639
732
736
877
961
1068
1123
1290
1257
1253
1195
1180
1089
1077
1055
1101
1087
1084
1084
1181
1132
1251
1235
1233
1251
1215
1255
1282
1267
1296
1300
1347
1268
1217
1225
1247
1085
1181
1096
1064
1026
977
945
908
949
946
912
956
977
1071
1087
1137
1287
1599
1787
1740
1799
1632
1696
1569
1531
1575
1483
1559
1381
1512
1503
1353
1404
1363
1321
1198
1183
1074
1161
1258
1272
1342
1293
1382
1338
1174
1144
1038
1071
1054
1085
1141
1139
1248
1209
1237
1063
1031
864
804
710
735
678
676
663
604
639
580
577
590
557
528
562
491
555
498
459
526
420
484
435
430
428
403
406
423
398
437
388
362
349
356
400
364
346
329
353
333
343
325
315
314
278
295
301
242
251
265
256
216
196
218
217
197
202
200
194
184
132
139
142
133
127
125
129
128
138
95
101
127
100
109
85
91
83
99
96
73
68
84
71
61
62
62
63
69
77
71
70
80
58
54
62
67
67
61
58
60
67
47
51
54
50
47
47
30
43
37
39
32
36
46
37
37
37
43
47
30
48
55
38
58
38
5
1
0
0
