0
0
0
0
0
0
0
0
0
0
0
0
0
0
0
0
0
0
0
0
0
0
0
0
0
0
0
0
0
0
0
0
0
1
3
4
5
6
16
24
16
31
34
32
50
71
154
226
395
494
550
639
693
725
900
1002
1120
1296
1250
1118
986
924
771
633
519
487
411
377
358
332
317
298
319
262
290
298
290
274
296
283
264
283
266
283
319
316
330
309
308
330
336
343
336
333
327
373
369
359
325
334
367
359
369
361
391
391
395
407
407
438
439
436
441
532
525
531
528
568
582
600
609
652
696
757
842
892
909
1002
1039
1135
1241
1307
1400
1464
1470
1589
1739
1810
1829
1912
1955
2041
1988
2098
2093
2171
2213
2265
2188
2217
2205
2077
2022
1863
1922
1752
1698
1554
1525
1481
1418
1439
1337
1352
1295
1209
1180
1187
1098
1104
1064
1030
997
988
952
855
909
882
896
757
795
743
704
778
744
712
679
634
665
646
699
655
578
580
593
521
549
542
517
497
504
523
515
505
488
442
507
467
486
468
387
443
445
445
388
398
419
393
378
428
358
365
367
364
342
376
350
345
363
390
427
479
527
609
791
894
964
940
737
594
397
235
140
71
33
28
13
11
18
24
24
26
42
74
109
53
