0
0
0
0
0
0
0
0
0
0
0
0
0
4
1
3
9
17
21
39
35
38
50
27
37
23
33
28
46
62
64
78
61
58
38
43
39
31
39
23
24
22
39
31
38
31
39
44
53
46
31
37
45
35
30
40
33
39
46
50
52
64
62
69
71
57
73
48
61
61
57
85
79
82
79
106
148
207
232
464
913
1554
2616
3722
3718
3266
3509
3514
3332
3432
3454
3245
3029
2890
2864
2637
2522
2404
2739
2824
2465
2285
2223
1834
1451
1265
1201
996
805
733
563
575
598
554
500
489
442
420
488
475
437
477
497
503
462
433
383
373
361
327
300
330
273
286
321
284
276
288
289
255
277
230
234
220
227
261
239
218
236
258
227
224
219
208
218
204
180
212
204
185
214
193
169
195
146
146
158
132
144
113
129
122
124
119
118
113
116
110
103
108
103
106
90
77
80
76
91
91
91
89
69
64
71
59
69
72
62
64
50
64
80
40
51
53
78
61
64
54
66
78
64
59
80
79
67
72
65
70
84
92
96
101
99
87
115
99
113
145
154
158
203
235
291
317
384
448
517
607
696
790
830
912
1108
1529
1622
2147
2711
4250
5166
5996
5888
9475
6989
395
21
1
