0
0
12
22
60
84
101
146
233
346
518
796
875
810
702
684
606
589
578
562
545
534
506
483
508
440
435
444
403
340
367
361
354
317
316
345
334
339
335
319
353
334
327
307
341
324
358
307
330
347
329
354
335
350
337
358
389
342
359
373
392
394
412
423
399
408
411
468
413
410
441
411
452
448
443
472
452
475
509
508
513
526
570
543
551
591
615
563
592
630
598
583
575
583
626
600
613
648
643
621
662
693
643
632
604
586
580
578
593
597
611
614
607
619
606
560
629
629
639
664
617
615
639
611
628
630
691
702
730
719
756
721
761
748
803
867
832
913
966
1002
1065
1105
1035
1063
1018
1024
988
986
1006
1002
982
1029
930
911
981
959
945
911
875
860
896
894
963
929
893
825
825
837
788
769
790
777
732
775
717
715
748
742
759
689
710
736
719
721
651
704
678
738
710
942
794
703
723
813
868
876
941
910
836
818
754
834
729
762
742
777
682
789
765
772
782
783
794
872
907
937
906
876
927
979
1048
1111
1079
988
886
860
843
783
669
644
586
545
492
525
451
371
310
287
281
262
243
205
206
182
143
147
135
144
145
194
425
764
323
1
0
0
