0
0
0
0
0
0
0
0
0
0
0
0
0
0
0
0
0
0
0
0
0
0
0
0
0
1
1
4
12
57
102
141
174
220
302
386
500
638
785
950
1138
1279
1299
1313
1431
1441
1533
1605
1614
1582
1543
1520
1720
1800
1822
2034
2166
2395
2535
2790
2900
3125
3214
3422
3550
3657
3628
3465
3705
3688
3529
3635
3508
3417
3236
3201
3110
2957
2899
2645
2495
2381
2320
2102
1908
1723
1617
1413
1266
1230
1081
937
853
742
701
646
570
487
421
395
374
327
262
262
226
219
196
199
185
170
176
161
160
175
167
142
153
121
126
119
116
93
110
98
77
110
110
106
87
108
97
92
77
108
95
95
81
114
90
90
81
94
96
89
79
84
90
86
89
95
108
97
100
87
75
99
86
95
101
86
89
94
90
83
97
98
99
83
91
103
97
101
116
96
118
104
115
104
118
128
112
124
131
130
145
139
138
134
132
126
137
156
129
141
162
164
146
151
153
184
161
177
195
202
231
231
300
298
325
347
400
400
445
402
392
384
430
397
389
391
421
339
389
341
352
278
279
242
246
211
215
190
163
155
111
103
94
76
77
67
75
60
48
51
37
38
32
26
8
13
3
3
0
0
0
0
