0
0
0
0
0
0
0
0
0
0
0
0
0
0
0
0
0
0
0
0
0
1
0
0
2
3
9
40
93
242
711
2908
2968
2834
2032
1619
1597
1838
2045
2239
1923
1800
1550
1414
1242
1276
1227
1195
1214
1139
1095
1078
1041
984
916
851
767
696
656
650
589
583
526
504
490
466
451
439
398
399
364
370
362
334
354
304
280
267
267
269
229
236
213
222
180
200
175
190
159
174
155
155
153
169
146
143
147
132
121
158
125
156
138
150
170
144
136
171
169
153
195
179
168
181
185
209
203
208
298
499
923
1516
2107
2220
2667
2645
2711
2586
3016
3542
3672
3778
3933
3483
2869
2429
2021
1732
1590
1584
1545
1517
1592
1584
1617
1692
1747
1780
2004
2106
2254
2244
2391
2470
2244
2210
1868
1608
1565
1321
1104
803
700
509
412
355
339
330
335
285
220
162
122
118
73
60
67
66
45
56
31
40
38
31
31
30
26
26
26
25
21
21
19
10
19
12
17
8
18
13
7
22
13
7
12
9
9
7
10
8
10
5
10
6
4
1
4
5
2
4
1
5
5
3
3
3
7
4
2
1
0
0
1
0
0
0
0
0
0
0
0
0
0
0
0
0
0
0
0
0
0
0
0
0
0
0
