0
0
0
0
0
0
0
0
0
0
0
0
0
0
5
17
29
44
42
33
20
28
66
133
253
546
1085
1817
2776
4237
6057
8152
9769
10342
9864
8099
6227
4528
3166
2413
1929
1575
1334
1129
1021
946
855
765
753
677
685
635
663
646
636
639
634
651
639
594
613
645
645
623
666
685
674
703
618
684
643
635
575
599
489
560
515
495
480
449
402
415
406
418
397
382
390
397
317
377
328
316
371
342
361
341
346
331
381
355
306
385
322
325
335
343
330
358
372
362
330
324
339
349
312
323
348
319
302
320
289
322
280
296
291
331
285
324
294
298
258
277
261
292
249
266
259
255
247
243
226
244
244
226
241
211
237
256
239
249
207
263
223
223
241
233
247
245
237
242
282
272
232
220
250
267
273
255
273
246
250
248
245
234
268
238
258
267
262
259
288
262
275
246
276
272
270
280
239
257
280
277
281
242
282
243
227
232
223
253
239
239
234
212
235
199
241
212
245
209
207
192
218
197
200
181
176
198
189
179
164
174
210
150
146
173
166
144
158
147
157
125
139
131
145
143
123
134
144
132
146
152
148
126
173
163
153
172
189
210
220
273
309
357
384
137
