308
525
433
395
393
427
512
773
1283
2128
3763
2779
2025
1598
1482
1679
1541
1406
1304
1293
1242
1131
1071
1030
954
890
924
903
792
799
752
696
665
659
617
565
578
546
515
561
506
537
478
506
514
502
531
565
540
604
620
659
639
698
779
838
933
1017
1015
1012
1103
1103
1104
1037
971
857
858
679
692
582
516
482
471
455
483
463
433
461
453
560
498
525
523
546
503
501
497
514
536
566
525
554
632
660
659
747
819
721
772
836
790
807
822
788
752
724
651
640
526
487
439
398
373
351
284
274
240
253
252
275
269
245
204
227
225
217
240
256
249
267
262
239
270
287
268
249
215
216
278
260
260
254
244
231
240
215
204
226
205
225
212
213
225
230
255
241
243
280
270
293
275
295
326
308
344
365
446
481
567
578
634
766
922
1023
1197
1493
1551
1524
1593
1585
1560
1571
1453
1467
1500
1331
1280
1278
1180
1222
1196
1090
1060
986
866
833
712
717
677
568
545
570
502
454
496
528
488
528
474
464
457
476
457
475
416
383
367
380
392
361
323
309
247
273
214
191
181
163
142
127
109
87
104
95
76
84
80
70
61
63
57
64
61
67
80
97
145
169
161
121
111
84
106
207
465
212
