0
0
0
0
0
0
0
0
0
0
0
0
0
0
0
0
0
0
0
0
0
5
11
17
32
99
215
483
1628
2060
887
629
433
360
379
348
350
383
352
374
385
486
574
709
863
971
1054
1051
1114
1072
1067
1151
1278
1368
1476
1602
1852
1939
2126
2184
2245
2321
2188
2171
2134
1978
1899
1707
1522
1410
1291
1159
1040
970
984
866
822
740
684
671
670
676
662
586
688
640
607
632
681
721
942
1150
1387
1580
2109
2433
2684
2950
3324
3185
3449
3398
3271
3112
2861
2639
2336
2141
2119
2074
1826
1737
1628
1628
1648
1514
1424
1346
1399
1229
1118
968
848
713
629
531
503
459
453
423
417
355
395
352
334
337
329
299
293
296
253
267
245
225
209
204
213
200
189
169
177
161
158
148
154
143
140
139
124
104
120
119
100
91
94
85
89
84
59
61
54
62
71
46
50
51
50
45
36
38
28
38
36
33
33
32
32
24
30
27
20
29
27
32
33
23
24
28
25
18
31
34
25
21
36
38
35
30
27
33
32
32
28
26
35
36
26
41
35
35
44
42
27
39
43
44
35
39
37
34
39
38
45
44
37
49
47
57
70
73
111
251
308
240
174
131
118
120
106
128
171
253
376
456
679
354
