0
0
0
0
0
0
0
0
0
4
17
240
4373
4353
3254
3096
2715
2002
1624
1417
1263
1179
1125
1078
1074
1110
1203
1258
1310
1597
1978
2133
2332
2390
2325
2207
2054
1949
1816
1899
1894
1944
2101
2150
2275
2280
2462
2623
2669
2794
3036
2901
2604
2341
2053
1756
1638
1616
1457
1394
1336
1190
1088
1098
1080
1075
964
999
946
919
858
860
859
818
792
781
817
797
782
774
771
788
768
807
709
740
775
782
728
793
695
728
705
685
621
655
644
632
595
561
478
500
529
447
440
424
399
398
371
352
342
371
326
342
353
329
312
339
288
290
269
250
260
236
236
253
240
252
233
207
232
226
198
211
166
174
185
168
159
152
168
153
129
162
142
156
143
127
130
110
118
108
122
100
113
108
113
124
94
122
114
106
101
116
140
102
95
115
100
82
121
121
127
129
123
108
128
100
121
132
116
129
122
100
142
123
124
107
122
107
131
96
110
96
89
106
92
91
77
57
76
72
64
65
54
60
46
46
52
32
42
32
35
34
37
26
30
27
36
46
29
38
33
34
33
43
39
40
27
48
40
33
36
26
39
34
40
33
31
44
44
57
52
82
80
92
17
10
15
14
23
6
2
0
0
0
