0
1
3
9
26
31
40
85
92
178
245
370
538
952
2419
47833
10699
3837
2363
1682
1320
1184
1069
982
892
836
752
798
784
712
713
725
700
708
652
646
641
603
662
619
637
697
770
800
861
848
929
916
870
897
862
764
760
699
692
685
633
602
566
590
542
602
571
591
586
517
536
477
482
501
449
473
443
521
503
532
482
455
443
463
480
426
449
451
417
442
431
455
457
476
471
478
439
422
402
361
382
369
365
342
339
310
349
329
355
320
349
344
315
352
329
294
259
287
276
224
281
273
279
263
294
265
265
251
293
283
299
265
290
233
210
231
223
226
249
217
227
213
235
193
220
250
207
198
226
194
205
236
198
182
222
221
216
190
215
211
198
194
180
176
186
187
173
181
201
186
173
170
147
173
154
160
150
143
136
115
110
119
125
139
110
104
119
114
89
114
123
117
101
100
106
120
98
88
92
93
97
91
94
110
102
115
109
111
81
95
90
81
99
99
86
83
79
95
86
97
81
78
89
84
77
89
69
87
89
83
73
91
90
89
82
74
91
80
95
65
77
85
93
78
83
103
91
112
109
131
156
218
289
502
822
958
1115
1263
1775
1578
