0
0
0
0
0
0
0
0
0
0
0
0
0
0
0
0
0
0
0
0
1
4
7
21
34
45
74
134
345
461
496
384
275
230
209
212
206
238
234
250
263
305
343
339
345
380
402
390
428
461
509
480
552
523
575
583
603
611
588
627
630
780
651
730
695
738
796
777
831
822
825
836
777
907
932
924
990
973
1004
1027
1054
1011
1091
1074
1060
1158
1120
1080
1119
1162
1175
1214
1320
1260
1260
1322
1324
1349
1321
1312
1309
1322
1327
1252
1326
1365
1334
1360
1281
1312
1383
1373
1301
1304
1383
1335
1307
1199
1255
1260
1220
1201
1219
1206
1115
1170
1106
1115
1143
1097
1130
1168
1145
1119
1189
1214
1184
1110
1197
1173
1194
1130
1124
1169
1090
1106
1094
1118
1097
1077
1037
1123
1057
1167
1116
1130
1105
1110
1090
1043
1025
1052
1022
1019
962
926
921
859
855
779
788
711
720
700
707
719
605
665
625
620
571
531
531
461
436
433
415
401
441
411
379
365
372
364
339
341
320
312
269
253
263
279
238
252
260
246
273
226
219
216
196
157
169
131
127
117
119
83
85
88
77
80
56
51
55
46
51
58
51
39
41
24
45
40
36
34
24
30
25
22
28
18
22
23
19
27
15
18
10
7
19
15
20
14
7
1
