0
0
0
0
0
0
0
0
0
0
0
0
0
0
0
0
0
0
0
0
0
0
1
0
0
4
4
6
9
5
13
19
23
41
69
168
268
380
569
684
893
1050
1290
1343
1462
1459
1455
1471
1371
1275
1177
1056
966
935
932
796
845
848
865
808
850
882
910
937
958
1027
1033
1174
1168
1255
1281
1425
1445
1547
1589
1605
1734
1798
1927
1970
2037
2017
2032
2105
2117
2206
2233
2218
2205
2133
2257
2138
2102
2126
2089
2008
2021
2058
1981
2061
2104
1920
1935
1857
1877
1780
1698
1587
1521
1497
1472
1437
1369
1215
1296
1265
1105
1156
1148
1078
1094
1032
1008
998
883
885
826
804
758
779
787
763
694
685
662
648
557
586
593
580
568
516
527
494
502
448
461
421
400
413
349
359
381
349
334
309
307
315
320
313
270
278
257
258
205
237
224
247
228
211
201
189
183
208
200
155
161
165
148
127
136
155
120
117
122
111
105
101
88
89
97
100
92
79
87
85
74
74
66
67
56
46
72
58
39
46
44
41
42
34
33
30
40
28
32
20
23
20
27
23
18
14
19
16
14
13
12
7
14
14
11
7
5
9
5
4
5
6
4
4
8
4
7
4
5
4
5
8
9
11
7
6
2
4
1
0
