0
0
0
0
0
0
0
0
0
0
0
0
0
1
0
0
0
0
0
1
4
4
20
54
147
353
1204
3407
2800
2775
2753
2582
2434
2225
2053
1921
1825
1851
1746
1655
1633
1598
1555
1468
1463
1435
1369
1299
1339
1409
1366
1273
1297
1352
1348
1329
1286
1281
1326
1299
1356
1233
1208
1176
1092
1122
1101
1078
1096
1048
1080
1056
982
1006
957
975
913
981
944
988
946
984
920
895
924
902
855
897
903
830
808
843
803
824
772
752
799
813
785
764
712
787
763
772
707
710
716
685
708
659
663
698
648
668
678
631
630
643
672
638
621
611
598
631
570
569
564
612
585
580
550
545
558
508
550
516
546
527
527
511
458
487
505
542
520
459
530
433
439
492
499
451
419
430
458
437
400
427
449
394
387
425
390
406
388
361
355
382
351
354
348
321
338
325
319
317
295
307
281
299
279
245
286
247
270
253
249
258
264
239
223
223
187
225
219
196
214
208
177
201
216
186
168
167
187
162
170
180
160
170
159
163
153
183
153
160
133
140
156
147
147
145
148
139
141
150
144
119
146
149
142
138
134
153
148
122
148
128
142
153
138
148
137
153
169
189
239
263
307
350
394
493
494
479
398
42
