0
0
0
0
0
0
0
0
0
0
4
6
9
12
19
26
50
112
304
604
850
715
729
975
1145
1200
1067
946
904
866
957
895
871
845
845
800
729
737
684
701
702
773
733
698
677
643
661
638
636
660
679
637
650
631
634
661
718
652
716
780
775
702
721
731
731
670
767
715
745
707
739
710
749
792
789
821
873
867
873
955
992
985
1018
1011
1012
1079
1087
1108
1122
1113
1101
1132
1151
1186
1122
1129
1112
1168
1180
1160
1193
1189
1172
1159
1140
1107
1069
1181
1157
1101
1145
1038
1088
1010
1076
1070
1068
987
1002
992
1064
1044
1091
1047
1011
1017
1029
1056
1059
1037
1019
992
972
1011
1040
948
959
954
929
929
923
878
868
899
919
876
910
851
860
802
787
783
785
723
753
661
684
658
635
639
598
626
584
579
550
513
486
499
449
478
414
398
412
434
394
364
367
347
315
293
319
302
333
287
303
272
278
258
247
254
260
250
240
235
229
232
215
217
222
221
243
221
221
209
213
234
261
263
270
264
269
333
276
283
279
317
333
297
297
299
283
310
350
288
281
301
311
348
279
324
299
314
297
311
297
273
289
259
256
184
206
141
151
135
125
114
128
117
96
39
6
1
0
0
0
0
