0
0
0
0
0
0
0
0
0
0
0
0
0
0
0
0
3
2
7
19
35
44
58
53
67
82
125
126
178
202
223
247
293
325
406
443
491
516
512
541
583
657
721
769
866
949
1051
1161
1134
1288
1398
1527
1603
1743
1768
1960
2056
2190
2239
2283
2297
2378
2396
2364
2404
2356
2345
2250
2204
2209
2034
1955
1975
1861
1705
1700
1675
1602
1530
1525
1419
1365
1270
1272
1220
1167
1203
1133
1070
1060
996
947
955
920
831
831
821
806
739
738
616
678
656
628
648
608
606
601
559
567
576
520
530
548
539
506
524
494
517
478
494
458
458
499
456
480
462
488
475
475
439
481
438
425
440
463
476
446
446
472
456
419
479
474
448
444
430
465
457
426
463
468
477
432
437
441
439
455
488
464
459
462
453
436
474
497
487
500
514
463
449
405
425
383
438
399
407
393
352
372
330
349
331
348
357
337
301
318
371
367
380
374
361
422
457
435
386
433
419
444
435
498
519
528
566
525
451
441
443
391
324
371
391
313
376
381
384
305
286
296
279
280
307
276
269
264
261
281
271
307
263
268
286
299
266
237
179
171
146
126
109
90
74
55
65
60
69
56
25
17
19
6
3
1
0
0
