0
0
0
0
0
0
0
0
0
0
0
0
0
0
0
0
0
0
0
0
0
0
0
0
0
0
0
0
0
0
0
2
0
1
7
16
21
21
37
39
41
72
72
75
79
100
121
112
145
143
182
204
203
224
209
277
286
268
321
314
323
339
374
416
414
453
476
483
545
575
606
624
632
723
781
764
808
844
889
942
923
998
1044
1097
1209
1247
1252
1317
1396
1444
1452
1489
1597
1583
1666
1754
1750
1836
1825
1926
1994
2026
1978
2028
2046
2174
2095
2164
2146
2201
2254
2210
2255
2135
2185
2218
2189
2178
2146
2095
2192
2113
2024
2091
2069
2009
1893
1972
1877
1890
1843
1758
1657
1652
1567
1606
1521
1485
1424
1350
1273
1342
1287
1217
1142
1100
1101
1061
992
986
918
915
846
865
824
725
749
676
659
651
616
578
567
504
509
479
511
449
411
425
372
373
331
326
326
310
299
244
235
210
230
227
189
165
185
158
155
139
133
141
123
124
115
116
112
110
86
90
71
70
52
68
66
61
50
52
44
53
36
39
39
39
39
28
23
24
35
22
26
22
27
20
17
15
22
10
11
11
7
10
10
8
7
10
10
8
4
6
1
7
8
5
3
6
8
7
7
1
11
6
8
8
2
11
10
0
