0
0
0
0
0
0
0
0
0
0
0
0
0
0
0
1
1
1
1
4
3
3
6
9
12
16
27
19
25
31
62
62
61
95
103
119
121
89
108
126
173
207
205
226
278
320
285
271
282
272
307
335
353
433
398
453
490
520
622
710
844
884
951
980
1005
989
898
828
792
703
617
657
601
643
589
605
554
537
501
503
510
520
498
486
502
462
484
487
430
429
377
406
372
375
364
375
348
382
356
385
413
404
388
434
365
391
444
439
399
420
453
528
424
488
509
536
575
583
658
642
698
745
781
852
959
1083
1165
1237
1340
1413
1598
1794
1931
2173
2250
2452
2496
2507
2516
2605
2565
2359
2367
2018
1803
1636
1474
1242
1088
916
781
687
631
567
540
517
478
468
444
462
425
454
418
438
450
474
457
541
474
551
537
534
561
519
526
553
559
552
591
590
542
532
578
612
560
591
590
571
628
610
564
580
591
590
551
595
597
508
491
512
474
498
515
464
472
468
471
419
419
356
363
331
283
265
233
221
202
192
188
106
151
133
155
153
164
128
157
145
189
175
151
177
150
146
186
170
195
168
213
279
404
487
666
721
728
1091
924
900
1332
1125
1047
1376
1472
1614
3953
8034
