0
0
0
0
0
0
0
0
0
0
0
0
0
0
0
0
0
0
0
0
0
0
0
0
0
0
0
0
2
2
5
13
40
222
1229
764
534
554
445
447
331
332
327
256
265
202
163
147
132
87
86
65
56
38
35
38
30
30
18
21
32
20
17
22
21
17
24
15
22
12
26
19
15
16
14
16
19
27
17
23
22
33
39
60
74
107
174
246
332
369
609
872
1026
1402
1738
2132
2430
2859
3098
3081
3188
3482
3586
3558
3343
3482
3739
3899
3584
3681
3902
3953
3881
3825
4260
4432
4600
4639
4592
4546
4431
4824
5093
4595
4049
3814
3282
2813
2329
2295
2007
1804
1573
1236
1002
847
723
434
256
144
90
65
51
39
27
22
18
19
18
9
21
11
12
7
8
5
4
2
8
4
1
9
5
4
3
1
5
4
1
1
1
5
4
3
2
5
2
3
1
5
3
3
3
6
5
2
4
3
6
2
1
5
1
5
3
3
5
1
4
2
6
4
3
3
3
1
2
4
2
1
5
7
5
3
1
3
1
6
1
0
2
3
0
0
1
0
1
1
1
1
2
2
3
0
0
2
1
0
1
0
2
0
0
0
1
0
0
1
1
2
0
1
1
1
0
1
