0
0
1
5
20
32
77
137
192
371
771
4070
1770
1189
1050
1038
1213
1176
1225
1370
1396
1447
1588
1442
1378
1470
1407
1468
1534
1404
1381
1287
1362
1278
1219
1197
1108
1102
1080
974
843
788
705
711
658
649
672
578
640
633
581
587
536
554
574
528
531
593
546
598
531
579
584
618
658
645
650
728
682
703
728
670
721
744
653
750
754
733
703
763
745
797
784
772
867
848
808
912
857
853
851
861
960
886
902
871
915
932
921
927
964
991
955
919
921
945
980
907
890
940
913
926
907
888
889
879
892
888
950
945
949
918
929
933
881
885
859
798
862
833
870
820
790
784
779
787
776
807
797
812
826
806
806
738
753
751
727
692
700
660
692
686
677
685
720
637
677
640
618
633
646
660
633
697
636
599
588
641
537
526
527
486
484
434
407
377
387
379
363
322
310
261
247
229
221
219
211
218
248
260
265
279
296
335
376
361
373
380
326
319
285
274
253
273
256
253
232
184
174
143
124
100
80
73
79
50
48
47
39
35
31
21
24
30
23
24
13
21
10
15
7
3
4
3
3
3
2
5
2
2
3
1
1
0
1
1
1
0
0
0
0
0
0
0
0
0
