0
0
0
0
0
1
0
1
0
3
8
14
23
50
60
90
152
160
234
310
328
384
354
369
299
279
296
275
279
309
279
312
325
324
312
327
307
329
328
364
400
335
356
389
392
375
400
425
395
449
476
454
464
458
491
525
515
524
571
595
581
576
611
616
624
660
616
664
646
701
601
752
750
704
758
736
770
785
782
846
868
825
897
834
880
916
911
971
971
967
1083
1095
1116
1149
1201
1301
1243
1288
1346
1379
1431
1377
1362
1420
1364
1400
1429
1459
1415
1477
1346
1428
1427
1503
1457
1532
1543
1512
1618
1640
1551
1538
1518
1494
1544
1455
1481
1444
1476
1396
1401
1303
1364
1368
1464
1441
1334
1305
1294
1267
1282
1259
1195
1249
1178
1174
1161
1126
1110
1064
1087
1031
1077
1065
995
1023
975
921
908
857
913
881
804
778
778
760
756
703
639
670
659
609
582
583
605
535
498
496
504
472
466
436
385
427
399
390
365
351
393
331
323
317
290
276
281
274
291
240
246
217
208
188
199
168
192
147
165
148
149
137
134
128
119
122
101
94
97
89
78
83
83
57
54
59
61
46
59
46
34
28
34
43
29
23
29
20
28
22
20
21
14
10
15
11
7
10
5
6
7
10
15
11
4
2
0
0
