0
0
0
0
0
0
0
0
0
0
0
0
0
0
0
0
0
0
0
0
0
0
0
0
0
0
0
0
0
0
1
0
1
1
0
5
14
30
83
115
129
171
185
234
216
249
284
319
406
522
604
605
549
501
474
410
357
327
328
279
280
251
245
215
200
180
217
255
310
340
414
542
595
686
738
957
1201
1430
1806
2483
2969
3187
3635
4132
4575
3927
3656
3233
2900
2610
2237
1832
1671
1477
1378
1210
1161
1089
1045
1033
981
846
806
777
746
804
827
835
883
1007
1003
998
1052
1062
1055
972
968
935
935
929
878
836
840
843
764
704
715
656
625
652
580
590
541
482
493
477
412
394
394
357
341
348
307
327
322
302
285
260
265
240
272
261
245
216
254
205
196
194
196
205
211
231
188
191
178
189
191
197
174
169
174
155
164
168
173
147
168
157
164
153
140
147
144
123
136
133
150
153
124
128
131
131
139
120
116
123
103
146
149
108
152
141
130
112
116
120
123
109
115
119
115
125
125
119
120
124
155
126
129
124
131
129
127
104
119
133
134
140
138
140
149
155
137
173
188
158
185
212
210
223
285
293
361
340
354
417
430
500
511
520
602
695
835
1606
7940
21346
