0
0
0
0
0
0
0
0
0
0
0
0
0
0
0
0
0
0
0
0
1
0
1
1
1
6
3
13
12
15
31
38
55
74
70
116
118
194
242
280
292
347
394
396
435
458
494
455
467
491
489
435
465
478
524
537
653
685
706
758
864
939
943
1006
1210
1325
1215
1148
1186
1254
1294
1359
1500
1645
1976
2259
2351
1984
1898
2070
1941
1878
1836
1841
1918
1938
1951
1785
1684
1660
1489
1428
1438
1395
1450
1530
1617
1629
1648
1573
1647
1696
1742
1704
1843
1841
1940
1951
1949
1944
2022
1897
1966
2030
1903
1975
1959
1992
1933
1871
1879
1784
1774
1735
1718
1633
1606
1574
1501
1489
1394
1305
1246
1201
1224
1096
1129
1053
965
907
864
819
720
647
682
613
586
473
515
462
465
409
408
370
356
356
332
306
269
244
241
248
202
196
162
167
163
154
144
123
130
116
114
95
106
102
64
79
80
72
77
62
62
55
68
62
47
52
57
34
39
34
34
31
22
33
18
23
17
27
18
22
22
20
9
10
18
10
18
13
11
11
10
13
16
8
8
10
15
6
7
7
8
12
8
7
10
3
8
7
8
5
9
8
7
7
7
11
6
8
3
8
4
12
12
12
7
14
20
40
29
8
0
0
0
0
