0
0
0
0
0
0
0
0
0
0
0
0
0
0
0
0
0
1
0
0
0
1
0
1
2
0
0
3
4
7
17
21
25
40
43
44
61
69
96
95
102
133
142
162
187
199
209
194
218
201
214
251
250
254
272
281
318
343
416
447
515
592
629
743
848
910
1027
1127
1277
1463
1553
1604
1820
1934
2116
2221
2505
2717
2852
3001
3214
3295
3331
3521
3503
3518
3631
3659
3678
3776
3757
3811
3789
3717
3732
3668
3707
3670
3659
3576
3449
3310
3116
2985
2888
2640
2336
2282
1946
1728
1588
1372
1207
1049
879
779
697
595
533
512
413
400
381
282
338
300
287
284
249
245
234
266
229
226
235
210
199
203
250
205
208
208
212
210
179
197
190
188
157
133
146
143
128
150
119
117
130
111
94
100
93
73
66
56
56
55
60
58
54
40
36
39
24
32
22
25
29
16
14
15
12
7
6
8
13
12
4
5
3
5
6
2
1
2
2
3
0
2
1
0
2
2
0
1
0
0
1
2
0
0
0
0
0
0
0
0
0
0
0
0
0
0
0
0
0
0
0
0
0
0
0
0
0
0
0
0
0
0
0
0
0
0
0
0
0
0
0
0
0
0
0
0
0
0
0
0
