0
4
7
10
20
29
40
47
68
100
113
189
175
155
211
184
200
200
196
279
290
329
357
326
426
441
499
542
539
604
603
716
780
795
948
982
1071
1150
1325
1469
1542
1643
1828
1918
1967
2201
2240
2213
2234
2369
2386
2352
2312
2283
2265
2222
2215
2093
1977
2021
1890
1868
1851
1801
1830
1749
1860
1697
1801
1846
1858
1791
1753
1811
1823
1697
1802
1736
1682
1751
1659
1642
1550
1516
1470
1420
1420
1385
1331
1321
1225
1190
1258
1210
1214
1205
1135
1097
1083
1042
1065
1029
974
953
1013
983
996
953
951
995
856
838
842
823
806
762
778
722
749
712
664
659
613
609
581
551
573
567
526
488
458
475
437
374
395
350
359
332
307
255
278
230
235
192
225
160
152
166
141
158
131
128
136
116
95
92
106
109
111
96
68
68
82
60
76
77
74
67
75
55
59
59
70
70
54
58
53
61
41
44
54
48
43
41
42
47
40
38
39
37
40
38
32
38
44
40
31
33
31
36
35
29
28
22
32
31
29
23
19
23
22
16
16
29
22
27
16
22
21
20
19
28
13
23
16
16
21
10
15
13
11
10
13
6
8
12
13
5
11
5
9
6
11
4
10
8
12
21
22
35
32
16
2
0
0
0
