0
0
6
3
15
20
36
65
103
188
385
702
1303
1469
1356
1251
1013
956
785
797
756
648
649
624
544
513
457
415
392
388
343
332
324
296
292
295
290
266
226
210
275
281
276
301
393
469
797
1121
1471
1763
1523
1785
1719
1603
1390
1191
1059
913
790
740
719
701
692
750
669
632
619
597
535
522
514
550
603
659
620
678
693
716
629
672
658
735
681
768
753
767
781
677
781
818
824
794
766
732
704
651
769
797
814
806
812
821
772
837
826
842
876
922
944
935
949
907
946
998
992
940
1044
1046
1125
1158
1164
1185
1194
1073
1050
1070
1063
1043
1128
1029
1027
1014
1085
1081
1068
1161
1232
1228
1241
1211
1215
1170
1203
1188
1176
1136
1146
1055
1028
1024
1095
967
881
808
767
750
705
649
700
680
599
551
501
541
466
460
438
425
425
393
407
385
388
333
308
262
254
253
248
226
212
220
204
208
225
189
175
179
165
174
159
168
149
139
132
152
141
148
159
137
161
108
118
148
148
152
140
135
137
150
167
166
180
190
197
177
219
213
237
241
252
266
279
327
342
342
398
371
383
406
423
404
429
444
464
493
444
530
423
413
385
388
365
325
388
349
345
346
442
637
863
248
4
0
0
0
