27
99
134
91
85
83
110
123
168
175
224
316
408
599
893
1560
10797
3623
1696
1213
922
761
614
599
524
498
563
482
521
481
461
434
482
475
503
474
518
489
485
507
497
485
503
442
506
511
521
550
573
533
518
555
592
525
549
599
593
564
603
537
592
580
566
603
572
597
586
619
548
588
586
562
589
551
601
614
555
595
560
600
569
603
587
603
589
593
591
647
639
661
665
656
662
662
685
679
690
668
748
754
779
743
767
831
823
879
891
827
872
892
896
937
902
839
939
863
898
861
831
852
812
772
785
797
804
798
762
688
707
716
712
704
679
697
690
671
668
622
681
649
651
656
667
647
640
642
628
648
664
575
605
602
571
569
580
545
526
556
558
542
524
553
503
555
516
490
491
534
505
464
521
496
506
459
521
435
471
446
448
486
470
457
427
436
491
433
477
478
449
455
428
408
436
430
423
398
444
447
427
417
408
421
384
413
391
379
366
358
374
389
414
362
377
324
366
338
343
332
309
330
323
318
343
288
342
286
283
309
299
301
316
278
290
308
269
281
277
295
298
307
313
296
282
305
341
294
351
361
365
449
590
916
1073
1765
1873
487
