131
325
242
215
260
276
307
408
574
828
1697
11544
2935
2021
1647
1530
1309
1173
1045
988
896
827
804
841
761
739
680
722
710
684
627
672
624
647
613
612
614
640
622
598
628
625
586
594
582
591
613
654
590
588
569
593
577
513
582
584
559
600
620
569
620
622
607
658
633
661
668
641
654
651
626
688
702
683
678
693
650
660
642
617
613
566
588
582
563
551
531
550
548
491
514
516
478
490
466
484
475
464
452
429
436
443
467
417
438
408
404
390
364
365
407
422
369
337
362
359
373
346
382
335
321
370
364
370
343
344
305
360
286
327
306
317
328
295
328
300
338
345
405
360
370
441
397
434
414
470
480
463
560
590
648
662
663
754
707
679
719
688
709
749
687
717
781
829
874
963
931
932
1035
966
1025
1049
1014
1065
1138
1167
1172
1157
1289
1246
1214
1127
1110
1044
1030
855
786
643
625
659
628
594
539
423
348
321
291
333
303
316
269
327
320
322
295
294
297
305
304
313
328
303
299
320
317
291
280
293
325
310
297
304
247
272
285
257
275
274
258
278
247
248
252
210
254
272
233
228
237
227
231
241
221
203
224
219
218
209
214
235
275
304
571
1066
689
45
