4
17
24
34
45
93
64
74
104
125
160
223
325
447
777
2112
26087
9767
3449
1376
772
524
420
320
290
308
280
228
288
244
260
222
212
228
250
251
218
223
230
221
207
208
235
231
212
223
224
243
226
236
246
265
278
289
332
359
388
445
451
488
600
641
669
692
786
859
916
915
1011
1031
1103
1099
1162
1219
1209
1286
1340
1413
1394
1411
1425
1446
1500
1564
1500
1557
1488
1647
1514
1570
1614
1558
1578
1555
1522
1621
1528
1491
1536
1597
1476
1576
1571
1427
1442
1449
1446
1419
1347
1343
1334
1310
1285
1201
1080
1020
975
897
862
854
805
759
729
684
753
624
633
621
583
599
551
509
516
460
467
379
362
317
336
316
299
302
298
256
261
237
252
202
206
212
167
182
141
164
142
142
128
116
108
117
95
100
86
99
100
79
87
85
74
69
80
58
67
79
74
67
68
68
65
79
53
46
45
58
64
57
70
48
62
47
38
42
43
43
44
45
42
49
57
46
54
39
56
52
47
53
50
48
56
46
48
36
47
43
39
34
38
31
39
34
26
42
39
41
36
34
27
29
40
32
42
40
37
44
37
43
49
57
42
53
45
50
64
38
59
49
69
87
94
99
106
104
101
84
144
52
