0
3
6
11
36
83
159
297
525
923
1401
5529
2789
1861
1513
1250
1132
1079
1036
1070
986
1046
1008
1021
1079
1051
980
1029
955
1064
952
918
973
796
817
795
771
732
681
716
727
677
741
689
690
693
622
679
704
656
660
709
746
750
731
748
732
722
732
729
682
778
723
698
777
652
708
716
655
648
628
624
674
618
624
596
581
612
538
561
578
541
476
510
500
504
461
458
462
435
457
467
437
479
446
494
486
508
478
519
565
642
682
786
867
942
944
895
829
788
745
646
629
579
505
539
525
483
482
459
488
444
400
465
423
429
420
408
447
374
442
453
437
423
410
378
383
367
378
380
364
368
360
362
342
351
369
375
367
378
375
359
381
354
355
347
367
374
374
344
376
363
354
355
345
295
357
351
298
328
323
330
337
272
328
355
317
309
325
287
300
341
326
301
320
305
357
296
342
311
365
339
322
339
374
378
385
375
410
387
421
397
464
443
507
544
534
624
606
669
717
751
890
926
992
1230
1203
1290
1387
1320
1455
1388
1346
1319
1224
1196
1095
990
977
900
833
750
653
634
616
551
508
430
376
309
296
291
261
235
222
210
194
172
182
140
93
14
2
0
0
0
