0
0
0
0
0
0
0
0
0
1
4
8
7
63
82
95
136
236
299
460
623
913
1085
1349
1459
1437
1266
1025
886
849
750
726
693
675
674
680
592
643
694
740
853
939
1047
970
1015
1040
1062
1008
951
971
1031
1033
1077
1017
1080
1088
1048
982
907
867
769
713
665
640
651
640
620
654
596
595
649
609
652
596
600
595
569
554
561
617
600
598
582
612
559
583
604
615
619
609
598
650
589
586
585
584
610
600
579
597
539
536
517
519
477
469
500
500
476
445
462
457
434
469
494
506
531
484
511
525
589
655
645
633
665
655
705
693
698
699
696
678
685
727
688
689
688
704
702
656
684
666
703
707
709
703
709
667
659
703
684
660
710
680
654
728
730
704
700
727
726
719
728
741
749
791
817
802
740
853
702
717
783
689
723
678
692
722
743
800
723
788
814
844
813
846
754
762
776
723
723
735
699
658
704
647
621
570
575
536
559
578
585
565
532
464
504
473
434
441
446
445
487
403
429
385
437
422
369
339
344
321
290
291
251
260
255
243
199
223
216
239
255
228
243
267
254
253
282
247
280
313
285
352
418
410
546
718
852
1155
1212
1497
1230
508
13
0
