0
0
13
23
50
78
141
301
473
854
1547
22672
7821
2729
1513
1033
901
839
935
934
959
856
814
817
797
716
742
726
803
711
737
676
698
650
690
605
600
643
640
675
618
640
648
703
645
633
684
729
678
705
700
741
757
735
684
677
706
692
627
641
583
619
578
504
504
468
429
407
349
327
323
264
252
228
223
257
218
238
287
400
545
639
746
815
1086
1171
1307
1316
1460
1607
1462
1464
1399
1293
1175
1229
1247
1354
1226
1344
1365
1357
1482
1538
1547
1518
1570
1640
1674
1566
1553
1484
1351
1159
1167
961
796
791
645
655
680
628
601
641
627
582
579
549
530
534
502
480
483
486
460
465
473
425
451
362
395
402
423
411
378
346
346
391
328
294
303
320
317
300
346
348
316
283
315
314
285
256
303
291
300
331
302
274
334
310
287
295
322
251
287
259
281
283
239
267
211
188
185
189
156
170
133
106
97
111
108
69
67
73
78
66
67
55
53
43
36
45
36
27
19
31
26
35
31
23
19
18
13
13
21
14
21
15
24
12
14
9
11
12
10
7
6
14
6
5
10
7
6
5
9
4
11
11
3
7
14
4
13
10
10
9
8
10
9
15
29
6
2
3
0
0
