0
0
9
32
63
130
205
174
217
270
406
739
578
670
768
680
658
700
591
564
601
565
583
524
543
494
591
540
497
517
555
551
590
556
562
497
545
524
553
547
526
539
563
579
541
597
682
743
833
918
959
1054
1093
1040
1001
1063
1053
1072
1205
1141
1109
1104
1160
1265
1367
1398
1692
1947
2059
1955
1907
1802
2047
2096
2039
1782
1841
1887
1983
2268
1923
1614
1716
1859
1822
1807
1716
1695
1562
1597
1345
1288
1290
1384
1425
1371
1303
1234
1215
1102
1148
1072
1026
870
906
943
1064
1108
1043
1030
1050
1050
972
882
885
785
715
754
695
727
760
884
865
883
828
795
807
719
748
729
766
803
832
722
732
693
819
779
765
690
684
678
677
673
622
658
550
582
525
553
529
523
513
453
516
412
412
394
384
362
322
303
280
245
253
260
248
178
198
152
143
169
182
196
229
232
252
247
219
216
217
180
202
213
187
183
178
143
183
136
136
134
141
133
140
133
113
107
118
102
107
106
111
107
102
95
80
67
51
51
44
34
31
19
28
21
27
21
11
11
6
5
4
2
4
3
5
3
2
1
4
2
2
1
4
3
4
0
0
3
0
1
2
1
1
0
0
0
0
0
0
0
0
0
0
0
