0
0
0
0
2
7
10
34
28
56
165
642
1860
1400
1198
1083
1098
1055
939
868
872
780
780
775
733
770
734
662
651
645
696
648
601
602
571
555
587
510
536
527
487
553
516
575
591
593
591
654
647
686
803
755
797
767
849
874
853
817
820
789
818
869
821
808
807
794
795
802
743
736
735
712
702
762
749
702
717
734
815
783
787
757
777
725
754
753
753
835
780
714
792
736
821
733
766
841
896
893
860
893
971
891
918
884
905
947
984
956
934
974
962
932
960
1031
1061
1069
1091
1096
1087
1071
1133
1125
1185
1142
1138
1155
1167
1095
1149
1113
1137
1108
1223
1236
1262
1317
1234
1154
1149
950
858
834
744
754
708
711
668
661
723
664
634
587
658
656
596
580
620
584
586
577
608
576
584
552
525
550
571
544
566
569
561
591
593
607
652
617
657
662
608
596
615
513
491
435
413
402
451
415
358
339
351
314
334
306
317
303
313
268
310
292
292
302
336
336
272
296
284
313
269
272
258
210
256
266
227
218
214
204
221
229
255
222
239
198
187
197
180
136
147
127
102
110
110
104
102
66
83
85
76
87
86
84
79
88
93
87
128
116
144
179
161
229
174
67
3
0
