0
0
0
0
11
20
28
46
67
110
188
331
529
771
1302
2225
3267
3191
2685
2176
1803
1586
1380
1299
1229
1203
1217
1080
1095
1091
1101
1058
927
955
991
982
902
849
887
795
752
768
748
787
691
660
625
633
618
581
627
554
553
512
487
492
486
483
430
417
393
395
435
402
380
374
384
323
367
341
333
304
300
309
320
339
326
277
313
321
331
329
299
278
330
313
432
416
404
367
400
369
443
449
384
429
418
402
363
411
451
477
499
508
454
492
455
466
448
427
537
479
517
540
484
495
550
487
521
530
525
593
575
656
695
654
680
724
822
841
887
991
986
1045
1117
1273
1383
1539
1755
1954
2052
2046
1754
1538
1374
1245
1055
906
918
835
776
743
770
786
803
835
871
961
965
902
884
873
844
848
852
992
1041
1056
1127
1058
1209
1258
1192
1209
1002
853
792
759
678
635
612
609
598
620
530
437
323
238
255
237
220
239
235
227
227
246
220
242
244
259
289
267
246
229
232
225
196
228
219
220
249
243
220
214
214
200
253
237
258
231
237
246
262
285
266
268
243
248
300
240
219
250
253
235
233
241
209
182
150
172
178
171
224
233
178
183
153
113
80
23
20
16
9
0
0
0
