0
0
0
0
0
1
7
21
64
143
293
561
832
1507
3278
2216
1443
1639
2202
2752
2796
3185
3254
3853
4002
4978
5081
5277
4691
4952
4397
4047
4252
4470
4304
4435
4499
4047
4405
5440
5130
6060
2781
2023
1662
1363
1154
1034
931
767
723
642
566
547
499
483
508
484
462
475
432
432
421
381
369
367
359
311
317
301
290
287
278
279
263
234
240
239
192
186
196
177
176
166
177
177
189
141
150
148
152
156
163
137
160
157
134
130
136
131
143
132
119
118
134
111
119
119
97
110
123
118
103
124
126
107
98
107
82
113
101
81
105
92
113
108
121
104
83
107
113
79
120
100
113
94
104
91
100
92
93
84
68
79
76
71
91
91
97
100
108
103
108
105
121
90
112
118
115
141
135
121
124
115
132
114
114
118
108
113
123
108
113
103
120
117
89
93
111
134
111
129
128
156
149
111
124
104
89
84
85
79
68
73
67
65
66
63
58
54
51
65
54
69
68
58
69
67
68
37
44
51
27
52
38
43
28
32
38
40
47
20
34
28
26
35
20
27
25
29
33
32
35
38
45
45
62
82
100
93
94
101
108
83
69
63
45
57
85
186
224
18
1
0
0
0
