0
0
0
0
6
18
28
18
32
35
62
58
78
140
297
905
403
368
322
290
283
296
289
259
310
281
245
219
207
196
190
194
157
164
169
198
228
203
217
226
232
281
287
319
347
345
367
444
423
452
438
422
379
310
284
234
229
194
191
184
163
161
154
129
114
123
136
135
128
105
125
136
96
113
110
101
95
96
105
80
106
91
109
100
95
114
115
84
91
81
129
115
134
121
138
153
173
138
170
166
185
176
220
215
237
255
285
265
279
271
268
285
305
333
335
348
404
396
448
504
537
594
640
621
658
681
737
732
820
886
874
932
963
1059
1050
1112
1215
1202
1347
1407
1390
1459
1589
1628
1700
1758
1824
1938
1921
1936
2000
2001
1930
1914
1923
1830
1916
1962
2053
2045
2052
2000
2115
2272
2423
2644
2822
3006
3179
3281
3374
3369
3175
3059
2716
2657
2460
2348
2224
2232
2093
2134
2102
2048
1787
1586
1598
1357
1228
1030
883
716
640
513
402
293
236
171
135
111
74
60
34
38
21
19
15
19
18
9
8
12
6
2
4
3
1
2
2
0
1
0
0
0
0
1
0
1
0
0
0
0
0
0
0
0
0
0
0
0
0
0
0
0
0
0
1
0
0
0
0
0
0
0
0
0
