0
0
2
4
14
20
48
95
169
330
776
2188
19576
7706
6494
3673
2126
1717
1522
1429
1405
1237
1295
1253
1173
1240
1256
1317
1402
1381
1590
1524
1629
1777
1771
1798
1687
1667
1475
1342
1187
1059
1036
960
921
954
851
830
895
937
1043
1048
1075
1074
1158
1147
1048
1087
1008
1024
959
823
617
694
761
692
626
598
478
487
451
420
406
410
397
382
405
422
396
376
368
402
325
366
367
320
362
345
357
360
344
324
313
311
316
310
300
312
314
284
290
316
330
339
346
358
340
357
340
323
377
320
348
419
365
384
448
458
449
422
472
450
453
450
424
456
380
408
457
413
463
467
437
417
390
382
353
329
301
312
312
304
256
261
236
263
259
248
222
221
249
239
243
224
269
281
266
260
258
229
236
228
237
230
272
261
267
251
252
263
237
260
255
256
267
266
289
300
299
316
315
337
351
329
334
359
362
326
323
320
320
312
316
365
355
380
386
351
360
333
325
304
269
279
229
249
267
295
297
284
299
317
280
246
173
89
49
36
19
20
19
25
25
24
25
29
30
41
32
36
34
60
53
58
55
58
60
52
63
49
51
68
71
78
108
124
144
183
215
291
190
52
3
0
0
0
