0
0
0
0
0
3
2
7
19
35
42
62
74
82
75
86
95
100
106
118
130
144
120
158
155
191
225
216
245
290
316
359
384
453
499
620
676
622
719
762
828
876
968
1008
1109
997
1122
1158
1172
1229
1281
1229
1263
1348
1326
1306
1252
1274
1221
1276
1302
1337
1297
1269
1250
1215
1181
1152
1102
1164
1191
1186
1095
1211
1172
1085
1129
1094
1076
1133
1114
1087
1079
1101
1121
1123
1063
1018
1089
1086
1091
1099
1101
1031
1069
1057
1019
1002
931
970
974
958
923
890
875
867
830
858
850
816
805
807
836
764
752
775
830
736
746
740
685
703
719
626
644
634
648
597
568
600
577
480
508
472
441
449
441
390
437
386
355
377
364
337
330
295
306
341
281
283
268
255
220
231
232
219
220
198
205
175
184
167
181
161
167
180
152
145
155
167
137
143
138
154
157
131
158
158
153
165
164
185
170
161
139
158
187
168
191
204
181
191
232
220
225
219
208
225
221
294
278
234
271
332
326
321
355
344
410
394
432
431
466
479
458
508
554
604
617
683
714
705
842
896
902
966
1026
1074
1103
1110
1126
1275
1257
1208
1269
1292
1313
1286
1217
1143
1106
1045
945
855
867
832
878
676
406
18
0
2
0
0
0
0
