0
4
9
9
60
68
144
276
375
689
1195
3785
1460
906
837
805
772
874
801
772
869
806
897
939
899
1061
1016
1084
1149
1128
1230
1148
1148
1285
1225
1235
1277
1249
1314
1276
1306
1313
1295
1308
1317
1378
1385
1342
1318
1353
1383
1296
1327
1217
1260
1193
1150
1177
1046
1154
1085
1005
1001
1052
921
964
933
917
843
847
855
822
789
835
779
773
790
766
747
731
737
730
759
767
779
714
709
686
734
722
698
687
664
639
626
693
705
632
630
659
664
717
712
680
683
644
690
690
692
672
716
619
580
639
604
548
555
547
512
493
491
520
483
458
419
440
463
446
430
399
452
449
409
439
426
423
414
409
394
428
424
408
383
384
375
371
430
381
429
424
416
410
395
406
400
425
423
406
412
416
409
436
444
451
412
456
416
481
449
489
478
506
534
538
535
542
585
524
571
577
562
563
534
575
585
636
591
569
572
604
497
503
543
596
557
546
515
523
559
561
568
555
601
563
532
550
507
523
509
486
460
459
462
427
366
365
297
241
202
180
147
126
122
94
105
87
69
80
97
119
148
151
107
86
60
56
50
54
23
25
25
21
18
21
17
9
11
7
2
1
0
0
0
0
0
0
