0
0
0
0
0
0
0
0
0
0
0
0
0
0
0
0
0
0
0
0
0
0
0
0
0
0
1
0
0
0
1
0
2
9
10
22
27
76
138
233
447
1082
3466
2226
2209
2050
2085
2027
2005
2232
2218
2311
2276
2314
2174
2048
1995
1911
1702
1717
1534
1459
1332
1317
1158
1105
1088
961
888
807
713
677
606
595
508
468
434
404
388
373
292
365
326
325
312
331
320
311
326
275
325
344
313
350
323
331
322
325
342
360
352
343
359
358
422
407
399
409
395
401
402
381
411
448
456
472
477
449
472
467
481
479
476
452
481
485
521
505
504
558
549
580
639
639
585
624
632
631
668
635
655
664
609
646
684
672
702
689
694
703
698
700
703
749
710
742
661
655
788
751
712
750
752
700
738
802
723
742
720
729
716
738
745
742
766
705
764
729
736
728
666
667
668
739
644
713
656
644
697
675
632
627
605
638
590
588
592
570
576
541
626
607
567
569
585
562
550
540
550
612
599
574
587
614
588
518
552
530
544
560
507
548
497
488
497
484
457
441
472
453
435
417
400
425
409
354
345
405
369
359
401
302
388
368
377
350
362
364
391
362
503
677
878
1206
1711
474
