0
0
0
1
1
2
4
6
16
39
71
132
268
291
314
377
332
340
328
336
314
314
396
371
347
354
361
379
377
401
401
435
410
418
341
361
376
364
365
361
351
342
326
332
339
382
374
410
376
348
352
312
319
292
278
266
270
233
250
264
248
223
257
210
198
202
215
225
220
232
226
214
251
266
259
233
244
226
239
261
226
242
234
240
253
262
239
247
262
254
252
242
257
239
259
275
289
281
285
272
290
268
325
303
311
331
336
363
340
333
345
406
432
475
486
550
768
1077
1212
1208
1319
1367
1171
1354
1485
1124
1013
1141
1280
1502
1516
1845
2273
2493
2399
2326
2121
2050
1998
2409
2479
2308
2278
2202
2344
2362
2530
2323
2149
2152
2408
2565
2552
2286
2135
2099
1906
1693
1493
1352
1415
1304
1229
1239
1196
1184
1133
1051
947
907
902
841
822
825
789
782
792
755
816
726
757
734
740
698
727
669
680
662
669
660
608
619
643
596
551
502
515
456
466
419
417
426
374
362
353
331
311
269
257
278
253
237
250
219
224
195
176
193
180
174
166
155
161
143
148
104
113
124
106
95
91
91
80
79
80
84
78
73
55
64
56
58
43
34
39
27
30
24
14
17
9
12
2
0
1
0
