0
0
0
0
0
0
1
10
28
72
581
6280
4472
3005
1930
1590
1302
1227
1167
1215
1282
1313
1436
1462
1547
1563
1578
1586
1476
1499
1325
1243
1150
1042
1028
909
901
845
912
908
967
1007
1103
1128
1129
1195
1271
1348
1358
1326
1297
1296
1337
1301
1198
1175
1100
1025
977
903
864
774
711
696
693
649
620
617
622
601
573
575
580
587
540
576
584
559
579
551
584
582
605
580
619
600
646
549
611
605
569
621
666
620
657
646
670
697
709
677
779
699
744
749
817
824
851
844
837
865
846
855
835
726
816
782
789
779
817
736
764
712
716
730
720
662
658
669
633
692
667
687
667
650
662
646
680
584
660
598
669
627
609
551
615
617
608
603
568
531
611
592
616
555
607
561
594
625
611
614
567
588
585
592
574
636
615
567
580
499
518
504
497
451
500
423
453
396
373
306
331
300
308
323
264
266
261
280
272
249
248
231
216
202
207
169
179
155
138
133
115
108
87
69
90
68
53
41
36
35
27
24
29
22
12
19
15
10
24
10
16
23
14
17
16
17
12
19
25
22
26
27
28
21
22
15
31
24
30
32
48
50
44
38
30
14
21
14
8
6
6
6
7
1
0
0
