0
7
12
9
32
40
63
134
274
546
1087
4878
2297
1571
1130
975
847
896
888
1000
976
1026
954
1002
964
958
983
1022
952
984
942
987
975
1022
1016
917
976
967
961
939
945
914
883
913
1038
947
970
954
896
927
929
936
990
982
951
971
958
926
945
950
979
951
951
944
905
893
980
901
906
855
896
872
924
862
884
847
849
909
849
868
818
869
868
839
892
851
848
880
907
872
934
869
905
857
865
966
917
954
939
940
972
898
959
907
987
989
1022
957
1053
1005
1069
955
982
982
973
947
1003
953
992
955
976
1007
960
995
912
949
908
888
882
900
869
855
853
861
803
780
800
807
734
670
714
674
700
668
658
656
646
639
658
593
614
564
643
549
538
550
540
521
520
488
494
486
510
455
448
456
474
432
418
402
361
340
348
343
308
315
304
306
302
294
273
291
283
249
224
233
253
221
200
199
209
172
166
178
162
144
164
157
152
140
144
120
133
122
112
103
100
81
94
69
90
97
79
89
65
61
70
67
58
53
69
54
36
53
49
43
50
41
22
36
30
26
21
20
17
13
11
14
7
1
9
9
5
8
8
8
5
2
5
3
1
1
0
0
0
0
