0
0
7
12
48
39
82
110
165
486
1080
4533
2679
1743
1046
827
705
616
508
533
526
558
537
521
538
610
548
623
598
616
671
700
694
749
724
767
784
788
875
806
786
844
786
850
874
860
834
807
821
801
798
750
761
749
783
780
817
802
763
828
735
791
817
858
719
803
730
749
757
692
668
709
698
684
670
700
633
635
666
631
649
655
648
611
641
636
627
585
588
603
621
645
602
587
619
624
623
650
617
608
619
626
622
617
641
635
678
659
683
616
614
688
667
718
681
630
687
686
683
696
625
642
628
725
640
671
626
641
655
656
668
649
647
616
623
625
662
647
585
644
623
646
588
599
636
577
635
580
594
644
601
603
582
645
615
628
576
602
656
598
575
576
583
555
581
569
553
608
628
573
589
602
574
557
544
583
542
519
555
551
541
519
571
551
546
574
519
468
495
473
508
516
507
496
441
507
515
490
449
499
439
471
416
444
416
426
381
418
453
387
426
420
377
391
381
390
324
348
343
336
347
338
317
347
335
341
370
364
350
343
351
331
359
345
349
355
324
369
368
372
362
430
426
483
587
699
879
1232
1957
1137
64
2
0
0
0
0
