0
0
0
0
0
0
0
0
0
0
0
0
0
0
0
0
2
2
2
0
4
19
19
17
32
40
66
104
142
169
205
263
309
358
495
598
637
722
759
850
976
1066
1246
1470
1580
1781
1907
1863
1853
1821
1852
1896
1981
2032
2005
2090
2020
2012
1864
1805
1767
1587
1661
1475
1426
1463
1366
1425
1223
1223
1196
1127
1112
1042
1025
1074
1012
1038
990
987
950
989
980
948
949
907
891
912
881
881
893
873
919
852
828
862
874
817
789
799
792
747
720
662
717
689
614
599
607
639
655
615
595
635
583
590
597
636
675
591
657
664
603
648
677
666
709
688
643
674
687
707
664
656
664
716
681
668
606
646
652
663
639
674
666
682
617
728
653
667
711
638
661
643
687
711
667
686
700
660
704
690
684
691
668
674
659
586
603
567
561
523
492
541
484
467
416
407
388
389
331
307
315
263
280
257
271
267
209
255
250
245
237
255
228
235
217
274
227
229
208
200
230
201
208
199
201
209
196
217
173
182
162
156
189
170
179
159
154
177
166
163
170
158
144
152
179
185
181
162
180
156
168
167
173
183
184
200
188
182
208
215
244
270
372
466
678
908
838
838
740
583
404
256
156
34
