0
0
0
0
0
0
0
0
0
0
0
0
0
0
0
0
0
0
0
0
0
0
0
0
0
0
0
0
0
0
0
1
0
1
1
2
1
1
24
585
841
886
594
441
440
639
740
855
882
1070
1069
1095
1098
1123
1066
1041
1071
957
875
815
729
719
623
601
538
477
483
494
450
425
363
419
372
381
372
354
344
344
320
320
369
311
334
304
299
319
341
314
308
320
329
363
321
347
338
390
394
396
419
378
412
394
419
410
433
439
429
478
485
497
511
574
599
562
626
654
666
685
743
718
782
798
770
781
766
707
691
758
713
644
628
573
565
545
509
458
509
444
499
433
481
423
418
408
485
481
515
466
507
534
508
608
641
652
682
799
834
919
1006
1083
1161
1239
1316
1369
1383
1496
1483
1441
1461
1311
1204
1191
1163
997
1080
1046
1088
1153
1076
1069
1103
1006
1009
1009
1030
1055
1030
1042
1025
1076
1080
1077
1019
1013
998
1006
923
920
1017
1074
1116
1103
1110
1128
1208
1183
1153
1198
1173
1148
1109
1078
1124
1138
1136
1178
1165
1134
1165
1105
965
943
899
721
650
663
599
520
505
491
479
395
371
345
351
331
340
360
320
303
297
269
251
237
239
221
232
237
262
333
372
547
610
666
771
222
