1
13
36
35
72
125
186
302
395
651
1014
1360
1000
753
640
609
624
683
561
640
641
627
697
754
767
701
758
726
763
784
764
816
821
866
891
877
909
959
934
934
986
1031
976
944
1012
1117
1009
1048
1039
1059
1090
1092
1128
1141
1177
1165
1230
1138
1190
1218
1152
1144
1104
1173
1165
1203
1159
1060
1000
1006
1027
959
1002
883
932
880
901
868
862
812
842
817
821
833
793
811
785
809
794
828
815
872
806
786
801
795
817
781
815
846
823
766
771
823
719
781
824
709
753
743
743
735
721
781
796
710
737
697
760
682
730
686
680
670
637
648
670
684
640
674
662
618
662
670
637
600
630
639
636
642
663
646
621
593
616
570
567
566
611
554
559
526
523
520
511
505
554
538
474
462
485
474
445
460
446
456
440
470
455
443
459
473
397
422
389
393
462
422
361
361
449
400
387
412
417
390
414
407
419
392
406
398
418
406
378
409
346
419
404
443
379
395
359
419
414
439
427
374
348
371
360
374
368
376
349
368
355
331
352
356
391
336
326
288
290
263
232
221
215
237
224
196
182
176
184
191
204
209
221
226
230
198
195
183
159
161
194
177
189
154
2
0
0
0
0
0
