0
0
0
0
0
0
1
0
4
13
28
44
38
57
65
113
124
155
180
246
249
294
288
341
387
447
468
527
547
611
606
597
671
620
571
570
590
558
587
675
708
813
867
959
1035
1024
1090
1107
1143
1097
1230
1222
1247
1182
1271
1202
1273
1206
1225
1274
1337
1361
1304
1345
1336
1440
1466
1470
1442
1512
1509
1520
1530
1504
1572
1629
1691
1679
1680
1682
1705
1669
1615
1697
1619
1603
1610
1558
1596
1496
1534
1529
1560
1499
1417
1307
1362
1313
1312
1306
1203
1269
1190
1190
1177
1114
1205
1106
1075
1121
1034
1090
1081
1019
1037
981
982
1035
1062
1032
959
972
992
946
930
975
917
859
886
850
940
916
895
817
873
847
878
894
812
864
818
820
724
755
718
718
658
646
652
628
616
619
561
556
590
485
531
477
468
478
471
447
430
405
417
380
368
394
382
326
294
270
249
217
190
182
160
142
162
121
135
101
123
105
122
100
97
131
89
102
110
96
77
70
83
47
56
54
42
34
36
28
25
20
17
25
21
7
11
13
13
11
6
6
11
5
6
3
4
6
4
6
4
2
2
5
3
0
0
3
1
1
3
0
0
2
0
1
0
1
0
0
1
0
0
1
0
0
0
0
0
0
0
0
0
0
