2
40
51
63
145
187
236
465
689
1123
1800
3853
1854
1182
974
912
877
921
920
844
869
836
855
933
851
902
944
976
1001
979
1026
1089
1061
1118
1085
1110
1172
1216
1237
1124
1195
1150
1223
1168
1160
1127
1075
1141
1130
1079
1117
1142
1050
1087
1116
1105
1039
1019
1031
1042
1035
1016
1026
976
1046
975
979
951
958
958
995
925
976
944
969
943
908
940
949
967
1012
942
982
912
964
913
956
947
925
943
899
919
913
939
950
959
905
926
1002
946
917
880
916
895
929
928
949
955
930
981
927
963
958
1037
970
959
967
956
1009
976
1004
896
931
924
910
903
879
944
830
933
802
792
837
780
804
798
828
789
774
750
772
690
701
711
712
707
707
645
642
605
573
578
568
542
525
516
473
492
482
479
475
403
429
409
384
375
336
354
327
283
281
268
253
291
238
219
219
199
167
158
185
162
165
135
130
97
113
90
82
64
71
71
49
63
52
45
34
38
52
23
31
28
20
29
22
16
12
21
14
13
15
7
8
10
7
5
8
7
7
4
0
11
6
4
3
3
4
5
3
3
5
5
1
6
5
2
5
2
0
4
2
3
1
0
0
2
0
2
3
0
0
0
0
0
0
0
