0
0
0
0
0
0
0
0
0
0
0
0
0
0
0
0
0
0
0
0
0
0
0
0
0
0
0
0
0
0
0
0
1
26
1121
3243
2864
2498
2327
2247
1829
1764
1598
1528
1689
1594
1602
1584
1711
1694
1585
1648
1729
1951
2128
2091
2134
2023
1867
1736
1977
2111
2068
1800
2087
2317
2283
2210
1984
1816
1967
1801
1793
1677
1623
1702
1741
1566
1536
1651
1974
1820
1687
1688
1452
1300
1205
1075
1120
997
874
795
619
506
492
409
429
373
417
353
377
421
390
399
433
419
525
540
531
500
468
511
453
444
483
461
458
479
471
472
445
479
474
508
493
517
510
508
526
555
522
550
527
542
530
492
552
562
526
527
520
517
536
538
567
577
529
558
493
486
542
522
485
543
518
472
447
479
435
491
447
416
414
443
409
366
369
371
407
394
407
371
377
333
326
326
312
303
325
310
314
308
264
283
305
285
256
283
223
233
243
223
222
221
247
207
229
223
189
186
164
189
200
181
162
150
154
152
151
166
130
125
130
130
131
112
127
139
124
116
112
97
118
118
99
90
101
82
91
75
104
74
73
71
74
69
68
74
57
54
45
61
44
41
52
46
31
29
34
28
19
15
7
3
0
0
