0
0
0
9
14
46
67
102
150
215
300
627
394
323
293
249
253
267
247
297
293
309
314
329
316
368
353
360
363
334
353
420
408
404
412
410
429
447
453
413
424
402
422
439
420
411
407
410
413
383
371
401
420
429
407
465
418
399
410
425
404
423
410
418
402
434
418
469
478
461
471
512
463
511
451
511
536
576
544
575
507
592
590
596
565
569
523
571
571
603
559
608
633
566
538
574
600
614
673
639
661
648
710
669
642
669
654
704
668
677
782
706
769
772
744
746
759
842
841
882
877
872
871
853
886
807
824
808
899
867
974
990
971
1061
1033
1108
1103
1078
1124
1107
1197
1220
1265
1233
1229
1241
1257
1209
1154
1143
1049
1064
1098
1085
1049
1068
1071
1014
1029
1016
1063
1033
1018
997
981
957
958
929
987
989
956
888
876
928
896
880
856
927
858
926
927
869
937
870
908
878
891
881
875
882
890
887
856
848
855
825
864
863
931
877
906
850
817
846
836
857
877
790
856
839
819
825
841
712
717
662
603
573
566
575
548
522
516
447
408
384
289
261
230
222
164
160
134
105
89
68
66
76
60
56
66
62
52
43
58
57
54
51
33
29
37
26
17
3
0
0
