0
0
0
0
0
0
0
1
0
2
4
14
43
125
243
405
468
512
508
468
380
344
281
280
231
216
175
219
186
163
160
190
178
159
170
166
156
192
172
138
162
177
184
188
158
170
171
166
181
179
162
190
200
181
224
219
150
188
182
202
220
204
201
193
225
212
224
250
233
245
288
246
270
304
320
297
350
393
428
365
446
452
492
535
529
559
534
604
651
623
620
690
774
723
714
705
855
953
1052
995
921
943
889
895
944
914
887
929
1011
1050
989
1088
1099
1187
1348
1560
1645
1588
1527
1498
1635
1914
2222
2593
2510
2401
2209
2185
2379
2436
2546
2883
3251
3637
3926
4164
3875
3722
3630
3374
3219
3372
3424
3585
3546
3313
2823
2455
2068
1819
1526
1422
1256
963
783
737
639
572
496
384
338
289
281
252
241
211
231
181
182
136
153
145
134
124
130
127
126
105
107
114
98
88
94
80
85
88
67
72
66
73
68
58
60
56
69
58
53
47
49
50
51
39
34
58
38
29
25
26
28
36
22
30
26
20
25
22
22
19
17
21
21
22
17
25
19
21
16
10
20
10
11
16
13
15
8
16
8
10
8
5
7
8
6
10
15
8
8
5
9
13
18
17
20
21
8
0
