0
0
0
1
4
10
37
80
189
480
1266
10596
6064
3059
2149
1808
1731
1653
1603
1570
1544
1529
1498
1487
1575
1473
1339
1411
1338
1325
1271
1216
1172
1207
1092
1080
1003
1036
1010
937
958
939
907
894
906
855
804
790
742
766
797
793
783
691
713
738
681
661
674
639
604
616
613
621
532
589
616
559
531
568
501
522
496
509
493
499
489
526
473
516
417
494
479
461
466
471
464
457
497
496
449
504
474
505
470
499
494
459
491
454
493
452
491
421
474
468
484
434
444
482
447
453
424
471
417
487
443
462
468
433
481
432
451
492
428
461
415
443
455
459
477
467
479
458
426
446
436
435
494
472
451
470
470
466
420
470
468
472
500
468
492
455
451
444
467
437
471
424
465
410
459
393
410
388
418
397
427
405
404
381
413
391
433
405
410
364
408
375
431
410
422
398
390
417
376
449
422
423
389
418
404
389
430
405
397
404
398
424
418
424
411
476
456
460
421
436
443
395
470
405
437
438
420
451
427
430
393
462
421
457
478
456
438
464
478
430
495
460
445
395
450
420
384
376
387
307
223
199
155
127
92
80
58
68
35
34
23
20
9
10
3
0
0
0
0
0
