0
0
0
0
0
0
0
0
0
1
4
21
30
43
30
50
36
70
93
79
97
77
58
95
96
77
71
79
55
37
36
31
20
29
36
33
42
52
71
82
86
87
76
68
46
42
40
31
22
25
14
25
12
18
8
16
14
17
21
12
16
21
13
11
20
13
19
13
31
25
23
40
30
24
21
37
36
31
25
36
51
57
37
52
37
44
52
53
43
45
61
48
59
60
84
72
78
68
91
90
99
102
130
126
130
129
169
160
137
166
187
175
202
186
202
226
214
260
280
300
318
323
402
438
472
440
524
586
591
690
725
746
811
962
929
1026
1111
1164
1296
1359
1419
1606
1687
1835
1911
2139
2284
2463
2663
2757
2951
3234
3327
3429
3361
3542
3641
3632
3700
3927
4000
3841
3933
3640
3613
3620
3601
3452
3093
3101
3169
3193
2923
2862
2781
2413
2264
2268
2441
2143
1608
1259
827
461
358
356
367
352
352
379
355
399
359
356
350
371
309
344
348
312
270
300
265
285
267
226
228
196
197
171
181
151
132
138
118
107
89
68
80
66
84
40
47
31
44
33
35
24
13
17
9
21
9
8
18
6
18
12
13
13
21
19
29
22
31
39
23
16
18
1
0
0
0
0
0
0
