0
0
0
0
0
0
0
0
0
0
0
0
0
0
0
0
0
0
0
0
0
4
7
24
193
322
282
228
278
351
455
486
629
777
917
1007
1256
1345
1528
1621
1674
1790
1751
1827
1865
1889
1877
1935
1910
1973
1977
2038
2111
2027
2145
1980
1956
1872
1804
1701
1614
1493
1451
1428
1333
1296
1238
1290
1134
1162
1134
1044
1022
1002
971
863
855
891
828
846
776
764
761
747
717
757
681
698
711
656
684
680
700
640
635
666
628
630
634
598
610
637
627
598
600
588
580
595
547
579
589
638
592
588
590
568
577
548
587
579
606
660
558
549
585
586
574
575
556
588
531
585
597
579
579
570
517
556
574
468
510
535
531
472
492
507
472
441
485
456
491
476
493
468
463
425
442
411
452
432
439
420
443
406
439
464
393
402
420
437
433
401
421
386
388
407
427
395
423
439
406
384
369
391
432
392
432
379
419
400
403
402
378
376
409
385
377
435
399
389
416
400
433
408
390
432
425
406
382
407
391
415
434
402
383
396
405
365
384
398
366
371
358
359
342
334
357
307
333
281
274
247
257
234
260
216
236
211
214
241
211
222
252
241
269
328
372
427
477
475
498
479
394
251
151
10
