10
126
225
236
198
230
237
259
314
341
417
464
600
738
1053
1333
2421
1571
1149
942
716
581
554
530
473
466
454
465
504
432
419
441
483
472
506
640
676
821
909
1079
1357
1332
1189
1463
1229
1149
1318
1269
1252
1233
1205
1028
1289
1047
1304
1051
1172
1106
1130
1056
1068
1094
972
1022
974
982
970
974
969
915
907
885
848
901
814
792
815
814
748
809
769
765
736
693
708
691
708
645
713
648
768
726
732
662
683
708
696
708
696
677
735
688
704
679
733
739
691
697
654
703
693
676
692
685
666
678
653
641
660
655
646
688
658
632
618
621
625
624
626
625
575
612
584
621
580
559
581
554
528
581
546
531
587
535
549
498
540
479
534
540
550
535
536
519
486
505
571
492
526
544
513
534
518
553
551
583
513
571
509
523
544
546
591
556
535
521
564
605
611
588
588
595
602
587
575
603
576
613
606
576
543
548
595
531
538
537
525
523
487
463
493
471
419
397
373
373
378
334
340
277
276
284
264
222
217
186
194
185
156
177
174
177
159
170
143
145
143
140
170
151
142
152
150
158
160
181
169
180
186
149
193
149
166
186
171
212
230
210
372
371
441
707
665
859
428
54
