0
0
0
0
0
0
0
0
0
0
0
0
0
2
7
6
5
12
14
20
29
21
39
32
48
54
60
73
95
94
120
137
132
156
160
178
185
183
210
209
239
244
232
267
287
232
277
254
268
299
290
292
269
299
291
313
313
308
298
302
308
294
332
332
354
366
328
386
376
372
386
359
376
374
369
363
385
368
378
350
408
337
370
408
378
376
421
372
411
435
429
447
440
420
427
464
446
474
498
481
493
517
474
534
528
560
554
562
556
554
516
575
570
580
574
601
567
592
645
760
611
729
681
761
786
825
864
866
864
896
913
939
943
906
947
994
995
1054
1132
1116
1144
1072
1112
1111
1009
1039
1014
925
1052
963
958
926
887
919
904
951
897
883
907
943
927
992
929
982
1019
1051
1110
1091
1202
1193
1249
1357
1313
1368
1327
1307
1339
1298
1260
1295
1202
1208
1106
1143
1087
1041
1053
994
1048
990
981
985
950
976
968
908
893
905
934
900
999
916
859
890
817
839
847
836
808
871
790
813
822
801
861
808
851
878
899
982
1001
991
1025
1051
1003
919
870
839
785
668
669
561
513
498
430
433
389
375
338
389
369
406
488
543
686
808
1190
1374
834
337
190
81
50
20
7
0
