0
0
0
0
0
1
1
7
8
18
14
39
51
53
83
70
47
45
39
28
47
36
58
47
61
78
74
76
70
63
67
79
84
120
152
145
168
196
209
246
242
274
295
347
367
417
482
460
422
457
451
489
464
500
497
484
482
472
495
503
515
502
547
568
607
589
579
605
630
645
652
675
742
747
717
768
766
825
888
874
891
991
967
954
1024
1046
1013
1056
1053
1108
1145
1111
1181
1115
1187
1147
1109
1187
1165
1219
1201
1178
1229
1232
1246
1236
1314
1337
1319
1332
1358
1438
1465
1512
1615
1597
1602
1573
1494
1560
1522
1552
1653
1668
1738
1701
1702
1785
1824
1726
1778
1776
1784
1760
1796
1761
1721
1789
1741
1782
1825
1723
1699
1852
1778
1663
1733
1700
1619
1644
1556
1509
1476
1345
1318
1278
1225
1129
1091
987
964
884
889
810
736
788
699
616
604
604
560
528
437
446
399
365
384
322
324
278
275
222
231
221
214
173
203
152
157
147
130
124
98
107
92
84
89
64
59
71
65
47
62
53
47
36
42
31
45
32
31
36
31
34
30
27
18
24
36
18
15
26
15
15
11
13
10
7
9
12
6
9
8
6
9
8
5
10
7
2
5
6
8
5
6
3
5
4
4
5
5
4
4
2
0
0
