2
10
26
48
125
130
91
70
57
71
80
59
71
65
90
82
85
118
92
134
199
199
240
216
247
365
404
432
460
503
563
551
486
595
602
626
588
607
700
688
751
775
799
836
866
1082
1033
1220
1238
1271
1327
1377
1396
1446
1395
1453
1466
1512
1664
1679
1776
1795
1750
1807
1803
1925
1928
2044
2055
2006
2076
2183
2107
2198
2188
2029
2136
2086
2123
2022
1999
2025
1975
2020
2029
1953
2028
1974
2028
2084
2106
2008
1914
1853
1826
1752
1745
1588
1546
1414
1385
1280
1314
1177
1172
1084
1067
981
1092
987
945
951
849
939
833
794
762
787
784
763
728
650
754
709
696
679
665
615
592
617
612
599
586
595
552
549
455
466
495
463
406
426
383
378
361
339
372
357
364
338
322
289
325
283
300
305
300
279
284
250
240
220
193
183
159
148
133
97
96
87
92
66
60
69
52
42
45
23
36
29
30
24
21
28
19
17
15
15
20
15
11
13
12
10
6
6
9
9
7
8
4
4
5
18
6
2
5
2
8
3
4
4
7
3
3
2
1
0
1
0
2
0
0
0
0
0
1
0
0
0
0
0
0
0
0
0
0
0
0
0
0
0
0
0
0
0
0
0
0
0
0
0
0
0
0
0
