0
11
30
54
107
251
460
884
1690
3423
8222
26650
11733
6852
4758
3609
2877
2350
1947
1707
1469
1377
1137
1125
1065
937
843
733
676
658
595
533
476
437
426
358
357
329
266
296
251
210
202
202
169
168
163
167
146
138
112
121
117
107
109
90
96
79
107
82
82
74
94
71
93
78
71
65
67
67
59
69
51
44
45
45
49
40
56
43
46
38
42
35
44
47
43
36
38
44
38
38
34
45
36
36
40
31
31
32
26
28
27
29
26
38
21
31
27
26
26
23
23
23
30
25
22
15
19
22
15
17
19
15
21
21
15
21
22
14
14
12
15
15
19
12
14
14
18
21
22
8
13
9
18
15
18
12
5
20
18
18
21
20
18
8
13
9
16
17
15
15
21
8
16
8
11
10
12
12
15
12
18
17
9
7
19
13
11
18
14
20
14
8
6
10
16
13
10
18
12
13
10
14
15
15
8
14
9
12
10
14
9
14
10
12
15
12
13
11
7
12
18
12
10
14
10
16
19
10
17
14
18
16
20
18
12
19
18
17
28
25
35
38
46
52
53
63
85
106
102
142
150
190
249
267
368
443
571
734
1074
1557
2747
5264
10673
30684
