0
0
0
0
0
0
0
0
0
0
0
0
0
0
0
0
0
0
0
0
0
0
0
0
0
0
3
4
15
75
406
431
280
262
319
349
386
485
594
761
884
975
1159
1228
1370
1512
1556
1594
1591
1689
1745
1704
1727
1710
1692
1709
1690
1673
1670
1616
1611
1615
1587
1625
1619
1657
1658
1672
1566
1613
1573
1465
1522
1467
1530
1568
1548
1557
1556
1584
1592
1555
1502
1489
1631
1652
1643
1734
1712
1760
1711
1768
1798
1736
1727
1698
1703
1571
1648
1588
1584
1453
1544
1552
1579
1485
1442
1451
1365
1283
1245
1150
1114
1088
938
1010
877
827
811
783
753
769
702
657
685
605
548
572
496
487
505
439
433
402
451
424
415
413
404
398
368
337
393
384
405
402
474
457
525
472
483
546
476
462
490
456
459
431
467
465
431
406
424
409
442
381
349
365
347
342
317
302
281
229
247
242
204
246
223
188
181
165
163
136
140
122
135
132
102
122
105
103
119
92
72
88
78
68
56
60
72
50
44
53
58
47
45
35
41
44
35
28
28
28
15
29
21
38
22
37
39
32
38
51
55
51
56
67
83
63
69
80
83
81
68
37
61
40
45
28
14
20
15
22
17
15
3
1
4
1
2
1
4
5
0
0
