0
0
0
0
0
0
0
0
1
15
126
8398
5545
3124
2375
1810
1556
1274
1147
1014
949
945
943
888
877
893
883
871
910
869
931
926
1000
1064
1024
1079
1106
1111
1226
1264
1279
1314
1451
1498
1480
1517
1593
1547
1584
1487
1498
1549
1482
1551
1618
1683
1648
1488
1443
1363
1454
1377
1336
1338
1363
1312
1341
1406
1430
1441
1490
1335
1256
1240
1194
1153
1122
1065
1041
1037
996
970
903
887
837
868
876
787
778
798
760
749
752
728
675
691
653
658
644
621
642
631
573
540
556
536
510
527
531
486
486
452
500
455
469
489
466
461
459
473
451
471
447
494
452
429
434
455
430
424
461
414
428
406
418
397
399
365
396
422
374
356
374
389
335
319
342
323
314
299
274
275
276
241
258
248
239
229
226
209
207
207
198
206
186
181
188
202
176
195
183
200
153
188
184
181
162
157
211
169
174
186
185
177
173
163
164
161
195
187
155
171
182
184
192
187
148
180
157
182
164
188
178
170
177
143
162
148
164
183
151
153
164
136
137
134
116
113
129
102
113
87
96
83
77
86
85
90
89
60
72
68
53
74
51
52
57
43
49
44
64
36
37
42
36
44
45
37
27
20
16
4
1
0
0
0
