0
0
0
0
0
0
0
0
0
0
0
0
0
0
0
0
0
0
0
0
1
2
0
1
3
3
4
7
7
8
9
14
12
14
16
17
18
20
20
24
26
32
34
49
43
50
44
53
52
47
56
49
38
50
33
43
53
61
63
69
76
92
88
91
123
109
157
175
191
217
296
350
404
497
530
594
605
635
703
702
798
758
769
661
679
687
717
792
779
798
778
751
746
875
870
930
950
1092
1181
1235
1180
1220
1126
1105
1056
1037
1026
1053
989
936
846
828
695
733
639
616
575
582
524
532
471
458
468
438
419
401
481
507
550
621
568
471
418
463
422
450
453
547
558
587
617
663
665
734
687
639
560
555
608
751
1012
1190
1515
1625
1649
1692
1685
1626
1815
2033
2080
2124
2268
2313
2464
2623
2720
2551
2761
3128
3594
3874
4274
4933
6057
6856
7340
6306
4473
3089
1983
871
315
154
94
104
82
81
46
81
54
40
46
41
32
29
35
27
30
42
36
39
31
32
33
21
16
23
12
17
11
9
6
7
6
13
5
6
3
11
4
2
6
3
2
3
3
0
2
3
2
1
0
2
1
0
3
2
0
0
2
0
2
0
1
1
2
0
0
1
1
1
1
2
0
0
