0
1
6
1
11
8
19
20
10
15
16
23
24
27
31
41
52
60
53
73
56
77
52
59
69
63
65
60
53
65
69
82
89
100
109
102
118
90
128
109
95
106
123
119
142
132
138
176
192
208
255
282
398
463
507
601
627
634
791
843
868
978
991
1013
1073
1064
1082
1181
1246
1255
1503
1680
1967
2070
2413
2444
2571
2790
2911
3079
2963
3231
3439
3833
3956
3785
3821
3550
3282
2732
2247
2133
2077
1982
1916
1832
1770
1612
1401
1222
1127
1111
1032
930
825
855
817
843
837
807
788
775
766
807
804
782
778
783
818
800
826
758
771
813
805
790
739
747
732
720
681
693
707
698
652
667
657
634
614
623
637
642
600
557
617
574
580
582
559
567
575
527
521
518
501
520
484
452
463
422
444
410
439
397
403
361
374
367
368
360
325
334
286
302
307
292
301
299
298
260
260
263
257
262
240
250
228
241
238
266
240
247
216
231
246
206
215
230
215
209
203
193
221
205
209
207
180
175
188
177
177
162
164
145
131
139
131
104
114
99
90
84
90
99
69
67
71
51
44
52
44
40
35
39
32
29
28
22
24
23
10
17
14
16
12
12
10
6
7
6
7
6
14
5
4
0
