0
0
0
0
0
0
2
1
4
12
9
30
60
65
118
124
216
257
241
359
487
554
687
776
758
834
797
830
835
776
789
757
751
826
719
771
838
805
773
722
695
753
748
709
702
730
760
695
740
757
698
712
736
724
732
749
799
782
828
783
768
779
786
808
819
772
845
823
799
859
946
877
898
890
884
921
931
1009
1072
978
1040
1059
1022
1012
1077
1056
1131
1113
1112
1145
1185
1187
1249
1290
1288
1234
1247
1268
1239
1268
1349
1339
1361
1448
1363
1343
1345
1347
1431
1417
1391
1416
1442
1477
1457
1458
1388
1450
1505
1432
1456
1510
1456
1413
1520
1453
1449
1457
1453
1435
1439
1402
1459
1428
1428
1336
1374
1337
1339
1333
1329
1224
1194
1163
1163
1008
1050
1045
993
904
810
828
778
735
693
638
600
564
523
476
504
476
465
366
392
318
313
286
265
252
231
255
220
190
194
183
182
157
152
124
111
122
113
122
92
99
90
83
76
84
80
68
54
67
56
52
55
53
43
58
45
47
38
22
32
40
26
26
25
35
29
24
19
27
19
32
22
24
24
21
18
14
17
12
16
19
8
10
18
11
5
6
2
6
2
4
5
5
10
6
4
2
6
4
8
5
1
7
6
12
8
9
0
0
0
0
