0
0
0
0
0
0
0
1
2
1
4
5
8
10
19
23
35
49
102
166
376
1161
9034
2140
1072
784
656
593
564
549
490
528
483
492
463
480
491
532
566
589
593
655
731
793
778
814
904
864
937
942
885
991
1091
1103
1166
1218
1154
1324
1420
1406
1446
1492
1616
1663
1685
1708
1748
1780
1840
1888
1925
2006
1981
2005
1938
1858
1824
1797
1858
1790
1804
1769
1714
1789
1745
1817
1747
1704
1641
1736
1755
1728
1578
1682
1688
1513
1653
1537
1513
1439
1392
1372
1402
1273
1352
1306
1254
1259
1206
1111
1043
1014
951
972
942
825
792
797
734
732
724
686
674
640
596
519
518
521
498
471
433
424
427
391
385
361
336
369
300
326
310
281
294
269
245
249
232
246
243
222
236
214
208
198
200
210
223
205
202
213
174
177
191
156
153
188
133
130
164
166
127
149
159
136
145
112
100
117
111
94
111
76
101
93
90
96
86
75
80
86
75
85
58
65
63
65
63
60
59
52
72
68
64
56
61
70
54
57
61
57
51
68
60
53
49
45
47
33
51
37
53
36
51
46
29
41
36
34
44
44
39
31
25
50
34
43
27
24
24
21
27
26
27
27
21
25
28
42
40
47
44
38
36
26
15
0
