0
0
0
0
0
0
0
0
0
0
0
0
0
0
0
0
0
0
0
0
0
0
0
1
8
30
64
113
156
264
325
398
434
528
671
617
614
714
822
868
794
784
921
922
942
1049
1215
1263
1253
1295
1393
1338
1468
1500
1601
1569
1574
1718
1635
1755
1718
1766
1669
1757
1699
1618
1565
1481
1481
1407
1395
1383
1396
1419
1383
1254
1114
971
927
863
835
769
708
604
571
530
458
401
345
250
221
187
179
161
172
170
213
196
217
248
240
312
337
393
423
573
702
867
1034
1145
1109
1121
1114
1028
1062
1176
1102
1114
962
1004
977
964
972
970
951
963
949
908
884
899
883
852
828
824
824
820
778
786
761
731
727
698
700
660
702
612
563
596
557
561
509
491
494
510
472
504
537
472
469
548
530
549
532
516
506
510
488
475
496
522
486
521
478
507
501
485
520
531
510
482
505
543
522
517
460
513
517
526
518
499
530
502
464
520
488
531
464
539
484
511
526
527
477
480
480
514
499
532
462
489
490
452
436
489
473
472
444
457
480
434
387
388
383
375
399
385
382
367
383
378
367
372
371
413
462
471
505
554
518
484
443
361
336
292
268
164
119
72
33
12
5
0
0
0
0
0
