0
0
0
0
0
0
0
0
0
0
0
0
0
0
0
0
0
0
0
0
0
0
2
0
4
3
2
11
23
31
60
130
174
260
373
441
613
709
919
971
1116
1331
1569
1765
1966
2071
2170
2286
2350
2485
2560
2433
2524
2438
2219
2115
1986
1922
1757
1718
1626
1450
1468
1353
1303
1299
1206
1154
1073
1016
940
877
940
863
808
791
761
718
664
605
614
573
581
508
529
468
509
441
428
431
439
439
445
409
423
386
364
361
345
373
365
318
358
338
309
343
292
281
302
316
297
300
293
290
316
287
332
292
317
316
344
297
309
305
292
290
297
299
270
298
276
295
277
290
311
290
291
288
301
285
277
282
302
292
333
291
320
304
323
319
319
303
306
331
344
317
320
331
332
339
301
256
295
275
300
270
308
289
286
265
276
245
273
234
258
254
268
250
230
254
217
224
262
256
242
241
264
262
245
273
263
275
304
280
277
263
285
311
292
272
301
285
291
307
324
309
334
301
328
303
292
290
342
337
366
346
336
346
358
397
388
432
362
460
458
426
446
431
473
501
465
510
535
552
589
634
657
682
763
753
833
867
885
885
937
914
976
1067
1067
1180
1246
1596
2112
3407
7583
7201
