0
0
0
0
0
0
0
0
0
0
0
0
0
0
0
0
0
0
0
0
0
0
0
0
0
7
1
6
4
15
21
34
55
57
57
99
132
171
185
216
282
353
394
469
518
626
682
707
721
753
780
705
777
755
742
760
753
727
773
753
873
882
975
987
1047
1083
1160
1309
1457
1520
1620
1621
1813
1881
1906
1944
2072
2036
2057
2181
2017
2105
2029
2120
2059
2005
1905
1960
1887
1732
1627
1625
1522
1371
1325
1248
1163
1132
1002
988
913
994
983
999
1023
1124
1252
1334
1315
1463
1471
1440
1446
1365
1476
1388
1365
1319
1235
1280
1135
1084
1060
972
1013
929
951
921
879
820
756
797
766
735
772
800
738
744
746
718
752
688
699
646
624
587
565
457
550
505
487
424
432
394
365
355
367
375
354
348
354
381
359
332
378
410
367
355
393
388
367
397
358
352
374
360
325
331
320
318
316
311
320
318
310
252
265
267
277
304
299
310
262
292
303
301
256
287
258
255
254
224
244
264
254
222
219
216
170
185
197
177
180
180
171
166
147
159
155
149
136
148
140
151
152
125
141
128
146
156
120
123
144
126
127
97
99
86
109
81
104
129
106
107
129
108
121
94
119
158
146
231
269
465
1107
1727
