0
0
0
0
0
0
0
0
0
0
0
0
0
0
0
0
0
0
0
0
2
7
15
38
80
102
172
242
330
384
445
474
533
575
634
609
619
625
672
651
749
720
840
842
872
898
939
1105
1130
1139
1216
1184
1205
1231
1425
1341
1390
1485
1430
1516
1512
1571
1514
1558
1527
1530
1457
1433
1539
1470
1511
1514
1523
1509
1474
1489
1592
1635
1682
1588
1531
1530
1433
1329
1413
1319
1226
1165
1116
1035
958
985
895
816
844
751
689
599
539
482
421
408
373
350
354
306
337
295
274
291
260
281
271
270
245
253
263
252
276
268
237
264
295
276
306
282
299
278
275
279
269
250
260
215
224
222
236
235
246
197
212
222
230
219
227
196
218
193
227
205
198
230
239
229
265
244
255
271
265
245
271
264
243
249
264
228
246
260
289
310
285
303
326
330
325
376
348
345
380
424
408
418
426
442
441
518
514
493
531
523
547
579
562
655
738
667
707
743
818
911
982
1035
1173
1234
1408
1552
1399
1277
782
808
1007
901
964
934
687
629
545
337
246
224
237
279
269
282
333
396
474
533
560
627
679
621
584
564
618
618
657
726
710
739
768
846
862
912
896
971
849
825
818
1124
1298
715
172
61
15
0
