0
0
0
0
0
0
0
0
0
0
0
0
0
0
0
0
1
1
1
2
6
25
37
45
66
67
92
121
142
167
233
225
259
315
331
335
380
407
483
494
517
537
554
571
572
553
567
575
608
641
615
617
647
625
638
643
663
668
636
694
691
694
715
689
754
778
729
762
816
812
820
896
870
898
874
967
971
1007
1051
1075
1135
1146
1212
1203
1262
1310
1301
1407
1391
1499
1454
1586
1581
1598
1637
1684
1639
1708
1675
1769
1734
1759
1774
1769
1772
1840
1787
1751
1753
1818
1800
1728
1789
1749
1792
1765
1749
1697
1700
1628
1680
1643
1577
1574
1593
1488
1521
1463
1408
1436
1343
1356
1354
1295
1269
1259
1238
1173
1118
1146
1114
1145
1064
1069
1036
982
908
875
819
793
831
744
703
661
678
663
633
558
536
571
527
498
485
451
433
386
390
379
349
347
343
311
274
299
286
270
267
235
236
207
217
196
197
198
207
170
172
155
175
163
155
130
164
143
140
113
95
123
109
103
112
114
102
110
95
85
81
93
90
76
86
72
69
70
70
51
72
57
55
48
44
50
29
37
36
34
33
22
28
32
44
22
22
36
22
18
21
20
14
11
28
20
19
12
12
11
19
22
32
13
16
3
0
0
0
0
