0
0
0
0
0
0
0
0
0
0
0
0
0
0
0
0
0
0
0
0
0
0
1
0
3
10
38
118
1423
6199
6735
4597
2867
2286
2133
2087
2153
2334
2391
2696
2612
2691
2814
2873
3060
3431
3480
3502
3512
3452
3287
3287
2950
2708
2655
2289
2103
1918
1708
1597
1511
1512
1417
1400
1282
1096
1003
1009
960
887
788
779
754
733
661
640
585
599
599
548
533
546
515
539
533
502
556
473
567
525
507
514
440
496
475
464
459
463
466
421
448
444
438
423
365
422
404
391
378
351
403
363
366
344
336
302
324
301
283
258
280
241
237
254
245
232
225
209
220
204
211
174
206
191
179
167
180
180
194
175
160
191
194
154
165
173
129
155
138
130
127
131
168
154
146
133
174
162
154
160
158
183
163
141
175
138
167
152
140
155
161
148
146
127
123
137
144
122
152
124
121
108
120
117
137
119
116
100
104
140
117
104
108
111
122
109
140
110
103
118
96
114
101
94
109
108
128
110
127
119
121
110
134
124
109
151
142
118
141
104
119
135
123
105
93
92
106
91
85
103
83
102
77
107
93
91
80
83
74
65
63
48
71
57
69
74
69
74
86
75
118
170
285
539
1583
4070
