0
5
8
13
20
16
23
29
33
45
36
57
53
55
55
56
56
56
71
60
63
78
71
87
77
111
134
127
154
180
191
247
246
250
343
364
373
468
481
563
564
612
621
624
693
715
691
750
697
736
743
686
735
828
846
882
953
971
1052
1136
1176
1198
1161
1180
1185
1180
1273
1180
1265
1226
1222
1295
1303
1314
1328
1488
1487
1389
1488
1515
1556
1547
1583
1557
1587
1601
1628
1565
1521
1558
1629
1670
1756
1745
1757
1810
1845
1858
1838
1859
1877
1954
1828
1702
1627
1574
1513
1399
1477
1526
1681
1788
1980
2036
2134
2100
2098
2163
1985
1749
1513
1356
1308
1213
1194
1159
1205
1170
1171
1172
1172
1126
1107
1213
1142
1236
1220
1251
1298
1298
1262
1397
1422
1448
1681
1837
1735
1505
826
247
42
20
13
6
7
4
5
4
5
3
1
1
0
0
0
0
1
0
0
0
0
0
0
0
0
0
0
0
0
0
0
0
0
0
0
0
0
0
0
0
0
0
0
0
0
0
0
0
0
0
1
0
0
0
0
0
0
0
0
0
0
0
0
0
0
0
0
0
0
0
0
0
0
0
0
0
0
0
0
0
0
0
0
0
0
0
0
0
0
0
0
0
0
0
0
0
0
0
0
0
0
0
0
0
0
0
