0
0
0
0
0
0
0
0
0
0
0
1
3
1
9
15
29
48
90
157
194
399
537
685
625
525
538
554
531
577
605
585
667
744
716
709
768
809
791
937
933
971
952
1031
1026
1024
1052
1113
1185
1161
1195
1245
1243
1260
1285
1340
1278
1399
1370
1430
1456
1404
1468
1446
1557
1611
1512
1499
1616
1545
1627
1584
1600
1644
1667
1581
1617
1612
1632
1577
1715
1597
1670
1597
1634
1605
1575
1665
1619
1690
1634
1527
1578
1618
1577
1530
1548
1462
1521
1407
1455
1414
1299
1374
1398
1289
1319
1255
1293
1250
1214
1139
1140
1140
1065
1041
1035
987
984
928
841
935
849
851
804
789
784
766
698
666
667
687
645
622
623
567
583
537
526
548
514
486
451
453
435
415
451
415
385
366
335
321
304
315
281
314
306
265
278
268
214
223
237
223
212
197
190
173
194
171
185
169
172
133
156
176
140
129
137
136
116
123
123
117
111
129
104
100
95
102
103
91
100
102
90
102
92
97
85
92
71
80
78
70
87
78
78
74
86
70
76
71
64
71
62
65
65
61
64
67
59
64
47
44
45
57
62
58
58
41
50
52
39
53
56
41
59
54
42
52
53
35
35
49
55
50
44
53
64
73
109
162
190
238
282
66
