0
11
22
56
150
424
1595
2788
977
677
511
494
531
540
503
596
557
569
564
592
576
609
567
600
539
576
607
640
633
640
656
674
708
723
774
795
798
815
882
969
961
1003
1051
1150
1099
1164
1155
1144
1153
1141
1079
1082
1010
1006
1084
1028
1059
1011
1004
937
931
895
898
876
824
802
756
768
782
776
822
893
863
871
933
872
873
874
883
869
848
903
882
878
788
775
776
737
738
864
939
1123
1114
1236
1088
1059
957
1000
1191
1215
1193
1224
1237
1110
1126
1035
1051
951
948
917
852
854
819
755
874
853
842
830
827
905
933
1011
1070
1039
1073
1189
1172
1233
1376
1457
1472
1468
1670
1819
1707
1509
1646
1870
1649
1491
1462
1353
1105
970
812
885
746
630
519
453
470
465
449
403
422
340
389
356
377
360
342
331
391
358
339
345
326
334
341
305
309
361
337
338
317
358
349
323
254
235
213
200
230
160
155
166
153
127
102
102
109
105
95
106
89
86
86
88
76
78
64
75
81
61
65
70
55
62
52
62
63
42
59
66
64
52
61
44
53
62
59
61
69
62
67
54
44
39
27
15
21
10
22
17
10
6
12
4
2
3
7
3
1
0
0
0
0
0
0
0
0
0
0
0
0
0
