0
0
0
0
0
0
0
0
11
160
219
308
250
184
185
167
162
111
112
125
119
119
141
139
168
164
127
103
102
124
162
208
205
243
229
248
266
244
268
302
332
324
354
318
308
313
331
284
260
266
244
255
238
319
423
568
685
769
813
804
948
980
1118
1270
1591
1860
1900
1969
1958
1807
1725
1703
1708
1807
1879
2032
2090
2115
2073
2186
2231
2386
2265
2509
2559
2597
2738
2809
2696
2732
2832
2469
2429
2344
2417
2373
2060
2134
2186
2179
2085
1836
1791
1629
1490
1565
1405
1386
1404
1532
1577
1528
1556
1584
1428
1349
1389
1254
1202
1264
1335
1383
1328
1342
1309
1234
1045
1081
942
849
787
749
741
648
604
599
569
555
571
571
487
550
461
417
469
406
352
342
334
349
277
295
263
229
197
163
163
150
131
111
116
86
96
69
84
86
65
68
61
46
66
50
53
55
50
44
46
42
51
40
39
43
43
36
41
49
34
30
32
26
35
25
22
17
25
16
22
19
18
17
8
22
11
12
14
11
14
14
15
7
12
7
9
9
10
6
10
9
11
7
8
6
7
11
5
8
7
8
10
6
9
7
7
5
5
5
2
1
2
3
2
1
1
1
1
1
0
0
0
0
2
0
0
0
0
0
