0
0
0
1
0
1
2
14
10
19
28
27
38
54
61
74
81
103
109
121
140
147
154
161
177
184
213
217
220
217
230
289
287
271
299
331
336
338
399
403
461
409
485
470
514
553
600
570
588
649
642
669
687
747
779
783
848
842
890
1006
1020
1145
1077
1092
1158
1264
1198
1286
1342
1341
1448
1449
1507
1478
1588
1643
1579
1643
1618
1709
1565
1634
1606
1608
1499
1597
1477
1491
1491
1399
1353
1360
1282
1295
1317
1269
1213
1198
1147
1060
1062
1138
1047
1001
947
969
913
907
887
862
820
835
787
788
814
758
726
744
711
717
706
679
715
780
761
772
739
809
862
872
890
912
854
923
949
941
992
976
990
1071
957
981
982
951
922
977
948
965
1019
940
953
910
962
907
906
887
950
919
891
907
932
903
872
847
831
821
870
811
848
777
808
783
760
727
705
621
632
592
627
609
583
523
511
487
448
430
367
408
343
350
313
286
321
268
266
224
213
209
221
204
194
171
197
173
156
170
152
151
176
154
182
147
158
160
131
133
116
93
95
97
82
68
50
65
73
53
47
46
54
44
44
32
35
42
40
34
37
32
29
24
27
22
48
43
32
45
31
3
4
4
0
0
0
0
0
0
