0
1
1
0
14
28
42
57
61
96
109
121
159
186
325
502
749
1122
1211
1319
1471
1368
1342
1105
871
730
583
448
405
366
283
255
196
225
202
190
166
144
188
162
161
171
161
164
147
171
183
174
185
178
208
208
209
213
242
244
223
250
231
234
277
300
259
275
279
294
331
320
291
312
323
296
336
365
376
356
385
304
360
403
399
404
365
449
410
407
420
452
446
459
454
463
476
460
473
475
467
445
492
479
488
472
460
508
500
482
504
538
564
583
565
651
707
715
677
663
702
638
635
686
756
870
1019
1442
1690
1652
1704
1730
1893
1956
2108
2278
2433
2381
2458
2421
2277
2009
1890
1960
1931
1975
1984
2046
1958
2080
2091
2392
2339
2552
2716
2611
2498
2276
2148
2079
1927
1977
1740
1409
1026
756
586
465
447
406
445
379
385
345
349
341
332
329
352
325
324
324
305
295
287
282
279
297
259
287
314
302
288
281
303
292
265
262
266
292
253
280
271
285
259
255
222
236
248
230
248
252
258
247
226
245
242
243
219
253
234
235
248
222
234
219
185
229
219
216
201
197
230
243
217
210
203
195
188
202
180
209
171
197
187
222
221
273
243
291
411
555
536
309
255
213
62
4
0
0
