0
0
0
0
2
3
15
17
64
115
233
1803
1591
1203
891
764
654
682
516
515
479
426
415
402
361
454
385
437
418
484
484
481
583
623
668
690
814
801
814
806
843
854
881
988
1051
1145
1112
1060
1131
1126
1044
1048
1097
1098
1138
1246
1228
1168
1298
1167
1273
1253
1290
1254
1310
1273
1353
1328
1409
1389
1442
1434
1465
1403
1461
1451
1439
1405
1528
1498
1575
1661
1681
1740
1699
1709
1564
1688
1631
1677
1661
1585
1561
1527
1519
1437
1353
1211
1131
1143
1125
1032
1155
1161
1071
983
994
996
957
928
892
833
948
860
908
930
805
799
758
760
728
691
660
628
668
656
649
695
682
676
624
652
573
593
506
489
474
432
423
398
382
423
448
419
372
389
360
374
372
367
388
387
412
399
411
438
488
477
426
458
461
452
460
468
439
446
415
412
385
408
396
417
366
425
366
396
415
410
450
385
418
376
341
364
340
351
346
395
335
358
349
370
314
302
273
249
230
193
146
146
99
97
102
74
71
66
42
42
13
6
2
3
1
2
0
0
0
0
0
0
0
0
0
0
0
0
0
0
1
0
0
1
0
0
0
0
0
0
0
0
0
0
2
0
0
0
0
0
0
0
0
0
0
0
0
0
