0
0
0
0
0
0
0
0
0
0
0
0
0
0
0
0
0
0
2
0
1
1
1
1
4
1
3
7
7
6
9
20
14
22
32
21
37
31
57
46
31
45
63
55
57
72
71
57
77
78
85
106
102
85
120
118
128
139
143
144
160
170
171
203
221
227
229
237
264
292
319
356
328
370
377
403
433
465
483
510
559
544
582
623
614
631
641
669
720
738
697
730
728
793
763
774
814
829
852
834
814
835
867
815
839
892
794
905
820
900
923
924
891
838
877
859
912
918
925
903
931
887
954
939
977
901
913
984
934
931
912
986
922
985
888
917
936
901
942
981
988
1013
985
979
1081
1082
1082
1069
1106
1132
1116
1188
1143
1295
1386
1294
1359
1344
1389
1484
1414
1506
1491
1704
1718
1626
1618
1735
1777
1697
1764
1717
1635
1772
1668
1724
1619
1651
1659
1748
1694
1676
1692
1752
1821
1730
1634
1483
1520
1348
1309
1236
1174
1166
1066
1034
1015
983
916
918
847
859
877
745
809
763
728
635
660
613
548
537
516
448
375
302
293
219
160
136
129
115
85
77
73
74
44
45
24
24
15
12
16
8
6
10
5
2
3
6
0
3
3
0
0
1
0
2
0
0
0
0
0
0
0
0
