0
0
0
0
0
0
0
0
0
3
32
472
683
368
211
158
153
126
124
138
107
113
99
77
82
68
45
46
64
48
45
54
58
45
61
46
56
59
70
61
80
62
72
66
73
97
75
85
107
92
92
87
71
80
76
92
80
81
87
65
91
78
92
94
98
112
89
103
113
136
131
129
153
172
137
175
194
182
177
242
276
264
284
348
356
427
467
519
562
629
639
664
658
662
592
622
652
674
661
715
714
681
756
755
793
781
833
919
990
1029
1040
1101
1255
1353
1487
1656
1876
2050
2197
2509
2583
2665
2759
2683
2781
2759
2820
2750
2537
2545
2370
2354
2326
2395
2366
2351
2347
2042
1847
1598
1350
1232
1140
1060
977
1035
978
1020
986
1001
929
988
1065
969
864
949
974
886
858
807
760
733
617
659
579
530
520
593
656
751
891
1074
1035
962
1070
1282
1348
1319
1333
1479
1730
1981
2011
2097
2405
2874
3138
2636
1530
868
508
376
284
194
189
131
106
101
92
80
71
60
36
45
40
24
16
19
19
8
9
12
9
4
1
4
5
5
2
0
3
1
1
3
0
0
0
0
0
0
0
0
0
0
0
0
0
0
0
0
0
0
0
0
0
0
0
0
0
0
0
0
0
0
0
0
