0
0
0
0
0
0
0
0
0
0
0
1
4
6
18
19
46
75
127
175
332
393
504
528
583
639
720
817
900
1031
1187
1261
1299
1476
1428
1441
1464
1508
1463
1300
1360
1329
1465
1417
1419
1366
1285
1293
1378
1430
1667
1586
1432
1347
1311
1193
1126
1156
1193
1112
1088
1075
1039
1034
940
940
885
995
951
897
969
1021
1012
924
959
951
922
974
967
905
998
920
927
1017
984
1074
1051
1088
1031
1077
1089
1049
1080
1112
1093
1100
1199
1191
1114
1190
1184
1173
1218
1202
1233
1174
1126
1002
1068
1016
1013
1008
923
929
872
824
791
786
748
748
742
745
750
697
627
650
608
584
580
598
594
567
528
526
428
474
474
461
475
467
446
403
394
382
378
378
377
377
329
303
302
315
297
279
286
283
255
234
296
247
259
256
250
234
264
268
231
261
236
257
231
218
241
237
201
217
229
276
234
264
208
237
244
247
265
282
265
300
287
268
292
298
327
328
316
344
324
317
311
310
274
281
299
284
243
282
250
210
227
230
209
229
204
230
242
272
254
233
256
249
243
266
249
279
293
361
388
437
504
610
673
723
723
702
639
596
584
540
452
409
387
321
305
205
192
173
145
129
113
149
168
158
68
9
0
0
