0
0
1
1
4
16
10
39
80
195
481
1109
1357
994
784
758
777
671
726
720
716
723
861
823
850
850
869
878
926
954
1079
1182
1310
1453
1499
1537
1430
1467
1404
1586
1528
1604
1511
1556
1579
1509
1499
1507
1503
1434
1421
1394
1341
1246
1291
1220
1231
1217
1175
1081
1105
1158
1041
956
949
891
830
786
786
753
672
667
709
664
625
613
580
569
588
560
559
522
522
502
483
508
462
459
424
476
435
449
446
461
467
424
428
445
439
484
497
520
541
562
619
611
670
727
733
771
787
805
884
885
828
762
741
776
874
847
862
927
950
967
1069
1061
1103
1156
1263
1328
1190
1149
1176
1306
1342
1466
1505
1472
1332
1229
1182
1015
936
900
906
805
816
847
841
835
778
792
763
729
716
678
658
681
686
666
637
677
638
591
507
592
600
516
519
496
458
495
496
432
411
390
407
382
339
326
321
350
311
255
255
309
334
345
363
322
290
247
226
180
179
144
159
147
143
136
149
165
169
137
110
83
69
53
44
24
26
15
12
4
0
3
1
0
2
1
1
0
2
0
1
0
0
0
0
0
0
1
0
1
1
0
0
1
1
0
3
1
3
2
1
0
0
3
0
0
0
0
0
0
0
0
