0
0
0
0
0
0
0
1
3
20
33
46
63
67
117
185
270
352
395
364
299
318
338
390
440
477
614
611
624
570
551
441
417
405
324
309
247
309
293
272
251
233
244
223
207
203
201
197
200
207
217
229
205
199
237
230
235
242
275
279
273
296
291
320
307
330
334
358
337
356
393
383
408
408
430
410
443
388
417
437
442
446
416
473
480
469
524
510
558
562
592
599
623
720
682
722
797
769
846
872
967
1020
1077
1169
1213
1308
1313
1386
1422
1451
1425
1477
1407
1331
1305
1368
1323
1286
1287
1284
1281
1253
1242
1284
1294
1253
1216
1198
1201
1237
1184
1218
1237
1170
1208
1256
1224
1289
1269
1284
1342
1268
1310
1263
1320
1354
1361
1405
1400
1393
1335
1308
1380
1361
1382
1394
1315
1419
1362
1353
1298
1366
1342
1426
1276
1315
1231
1310
1239
1251
1207
1234
1242
1162
1203
1143
1157
1137
1101
971
980
909
887
838
784
699
639
550
524
430
394
333
284
277
248
207
214
182
161
159
153
122
139
122
127
116
121
102
98
107
100
107
85
72
94
62
85
80
81
82
80
87
60
70
94
108
75
83
95
70
90
79
84
83
69
90
98
90
115
116
115
137
136
143
198
271
388
630
876
1291
333
37
3
0
0
0
