0
0
0
0
0
0
0
0
5
1
5
1
5
3
5
20
33
95
303
514
579
710
839
766
819
927
1165
1280
1322
1541
1702
1759
1755
1833
1850
1659
1608
1475
1344
1349
1179
1045
873
827
724
668
564
524
461
414
396
328
335
280
285
260
252
245
196
206
187
225
226
174
188
167
170
181
168
163
150
156
134
166
177
154
158
156
155
183
176
142
142
155
158
136
164
148
174
167
164
151
167
182
194
213
187
219
192
217
209
211
207
200
232
233
217
215
261
245
322
305
344
340
328
377
356
399
444
499
449
554
507
540
557
571
562
526
552
604
585
611
584
646
707
666
694
751
726
748
757
830
867
910
929
982
1007
1026
1030
1070
1116
1081
1096
1091
1182
1211
1188
1180
1129
1214
1219
1232
1333
1314
1362
1384
1362
1409
1438
1359
1377
1450
1493
1491
1483
1553
1529
1487
1551
1487
1450
1453
1417
1339
1386
1339
1272
1244
1357
1333
1345
1318
1316
1300
1292
1261
1271
1146
1182
1182
1149
1067
940
906
891
796
721
703
640
548
524
517
434
410
347
255
262
224
197
184
171
160
159
149
138
139
121
113
95
115
108
155
139
130
171
208
282
491
315
255
229
296
220
188
214
129
74
6
0
0
0
0
0
0
0
0
