0
0
0
0
0
0
0
0
0
0
0
0
0
0
1
1
3
4
2
8
9
9
18
19
11
29
24
40
26
49
51
47
36
52
51
44
49
44
49
56
53
46
48
44
53
47
48
35
39
46
46
33
38
40
32
28
42
39
27
32
41
30
36
43
35
42
50
48
41
43
40
38
58
50
47
66
60
67
75
75
71
71
86
80
86
93
98
107
101
125
134
161
156
165
178
195
252
252
308
328
318
379
457
449
498
591
626
760
852
938
1012
1150
1262
1375
1530
1605
1903
2057
2271
2605
2877
3107
3498
3856
4157
4355
4618
4848
5043
5306
5405
5256
5226
5186
5149
4871
4723
4580
4189
4049
3753
3403
3182
2939
2614
2371
2261
2018
1662
1576
1286
1133
1002
837
742
669
538
484
396
386
291
242
230
144
155
129
106
103
105
77
82
64
68
55
42
62
71
47
51
41
48
43
32
30
37
26
20
35
19
14
25
20
13
13
10
11
11
9
6
6
8
3
2
2
5
3
2
2
2
3
1
0
0
1
1
0
1
0
1
0
0
0
1
0
0
1
0
0
0
0
0
0
0
0
0
0
0
0
0
0
0
0
0
0
0
0
0
0
0
0
0
0
0
0
0
0
