0
0
0
0
0
0
0
0
0
0
0
0
0
0
0
0
0
0
2
0
4
5
8
27
11
10
7
13
15
20
37
32
49
92
159
236
298
269
275
287
312
392
402
435
497
588
638
694
676
726
781
799
792
842
818
828
862
849
905
835
833
806
853
818
808
839
765
776
906
844
813
897
781
810
863
814
827
815
777
747
744
714
670
587
614
653
610
588
581
572
584
598
507
515
554
515
563
511
522
491
454
465
466
421
462
484
466
440
489
501
439
427
452
375
462
416
367
384
358
348
376
339
355
371
410
397
450
389
403
461
465
452
458
487
488
569
621
709
711
741
793
814
861
878
774
818
883
892
1039
1247
1320
1209
1121
1030
1112
1148
1149
1287
1269
1308
1386
1329
1245
1240
1158
1090
1072
931
775
768
667
623
624
621
631
640
625
616
640
601
661
613
683
615
634
625
600
661
644
696
663
687
633
780
800
765
805
878
865
769
682
711
606
599
579
552
558
542
518
494
467
486
511
475
487
448
474
449
474
480
469
451
425
489
519
526
530
614
677
754
837
803
1075
1124
1176
1413
1468
1547
1439
1744
1658
1561
1340
1731
1712
1617
1294
176
183
141
64
1
0
0
0
0
