0
1
1
2
4
7
20
22
43
58
115
189
364
538
696
720
640
584
510
559
563
581
606
582
577
510
536
459
472
479
475
485
482
484
453
476
472
471
479
451
437
418
421
426
465
388
429
424
464
427
466
428
474
444
519
514
550
508
589
559
585
600
630
642
603
660
730
742
760
735
778
796
854
791
791
914
897
894
936
952
925
974
1023
1011
1051
1046
1083
1090
1088
1093
1198
1205
1176
1216
1250
1351
1362
1310
1374
1304
1323
1373
1354
1379
1333
1308
1279
1288
1177
1189
1075
1086
1028
1003
995
877
856
826
760
722
634
631
591
513
448
465
422
392
373
369
311
273
281
221
231
221
196
184
151
175
163
133
142
154
166
167
231
251
255
271
293
278
269
258
230
235
285
304
281
328
333
325
316
307
304
344
355
331
410
338
401
428
430
485
526
520
506
558
597
604
584
692
683
730
731
790
710
751
788
806
897
884
994
982
1076
1097
1047
1029
1157
1246
1335
1399
1436
1562
1658
1658
1548
1438
1430
1403
1411
1226
1189
1065
1017
865
752
783
806
814
750
694
750
711
608
551
453
370
300
222
262
209
135
94
67
39
36
29
24
25
13
14
12
8
12
17
10
19
21
28
29
29
21
8
1
0
