0
0
0
0
0
0
0
0
0
0
0
0
0
0
0
0
0
0
0
1
1
0
4
10
27
53
83
275
1327
4225
5238
3637
2392
1806
1631
1354
1217
1066
1032
1020
1008
981
1086
1086
1170
1122
1226
1239
1300
1270
1330
1228
1277
1286
1274
1252
1263
1247
1223
1246
1206
1257
1212
1265
1305
1295
1236
1278
1312
1263
1317
1406
1419
1529
1560
1534
1472
1552
1586
1645
1701
1753
1630
1611
1749
1743
1728
1824
1724
1743
1721
1736
1714
1671
1642
1634
1651
1620
1438
1512
1364
1349
1315
1244
1206
1160
1132
1069
1047
979
949
871
823
841
789
737
722
664
652
615
606
554
513
500
507
486
452
449
429
366
427
355
332
324
328
348
296
292
283
257
259
257
241
271
277
283
244
237
254
241
238
219
199
194
218
193
164
163
150
168
140
138
126
156
153
140
118
127
144
119
124
89
115
110
136
105
105
98
134
94
114
109
108
84
105
100
95
90
94
110
106
96
104
94
85
92
97
87
85
83
92
103
75
66
75
81
81
95
82
73
87
81
84
61
88
80
87
72
66
87
87
89
87
79
92
70
82
68
92
87
80
94
89
90
84
93
88
80
99
101
99
87
108
84
93
104
107
125
106
163
182
264
363
509
397
45
