0
0
3
4
17
14
32
31
51
68
76
132
157
245
432
3173
1910
3060
1545
1294
1129
902
783
816
720
759
740
796
740
811
759
828
954
1010
1094
1103
1197
1154
1219
1274
1304
1308
1292
1255
1371
1391
1391
1443
1627
1624
1810
1741
1740
1856
1860
2075
2117
2185
2148
2105
2039
2054
2059
1982
1974
1947
1993
1982
2029
2042
1924
1918
1871
1806
1685
1746
1768
1762
1673
1613
1596
1464
1502
1420
1279
1190
1164
1089
975
916
888
894
844
800
778
791
768
773
679
711
691
619
626
588
575
565
533
563
534
516
539
511
458
486
459
439
429
410
412
419
358
399
393
441
363
359
349
366
328
339
325
298
294
292
248
274
268
253
265
265
274
267
275
268
241
238
219
266
239
254
246
260
243
256
275
283
271
337
301
326
261
322
275
254
258
272
262
238
265
242
234
254
233
248
249
309
285
297
294
293
263
250
211
223
202
235
198
144
133
133
123
114
106
81
71
61
53
38
53
41
37
34
40
35
39
32
29
43
33
23
25
29
28
25
18
19
21
16
25
12
17
22
22
13
17
22
17
16
20
13
10
15
19
13
15
16
13
9
10
11
13
14
19
5
18
9
8
14
22
22
25
23
5
1
1
0
