0
1
5
6
24
26
72
103
359
192
109
79
88
69
44
59
32
36
28
46
31
31
51
61
85
88
144
182
204
294
333
392
354
347
368
268
346
317
303
281
360
347
363
380
374
369
393
446
458
514
618
706
874
1092
1203
1522
1607
1882
2061
2217
2260
2354
2315
2345
2304
2199
2247
1978
1883
1751
1629
1518
1428
1289
1121
1017
890
846
766
707
693
727
697
711
643
606
617
565
575
559
516
550
485
499
521
515
463
484
473
482
428
431
424
430
456
408
458
449
475
450
463
435
467
506
468
471
544
556
506
562
556
548
610
603
611
535
596
598
532
587
558
583
540
506
470
444
434
460
468
414
455
488
433
458
468
437
418
399
408
388
413
395
367
402
359
436
421
371
410
363
375
329
348
340
341
324
332
308
303
305
289
285
290
269
259
204
224
239
261
288
326
355
410
400
347
315
231
211
204
282
308
343
358
300
238
216
212
187
199
215
191
181
173
178
201
172
224
175
210
215
235
208
233
332
402
449
469
539
533
657
933
1055
1055
1339
1503
1215
1504
2335
2644
2483
2338
1811
1479
1047
997
1282
1577
1781
2151
2901
2026
1372
817
718
707
374
298
307
316
167
95
26
0
0
0
0
