0
0
0
0
0
0
0
0
0
0
0
0
0
0
0
0
0
0
0
0
0
0
0
0
0
0
0
0
0
0
0
0
0
0
0
0
0
0
1
0
0
0
0
2
1
1
2
1
11
29
89
154
255
402
697
1044
1542
1523
1637
1507
1822
2055
2075
1932
1989
1980
1939
1757
1793
1609
1556
1636
1649
1544
1741
1903
1884
1811
1917
2035
1907
1821
1852
1926
1908
1852
1779
1730
1589
1445
1378
1396
1457
1531
1918
2398
2713
2102
1645
1450
1212
1088
1032
1052
1058
1154
1179
1273
1257
1340
1449
1746
1718
1513
1468
1430
1624
1549
1568
1604
1557
1596
1483
1483
1455
1436
1288
1253
1182
1093
1029
937
919
981
1008
981
1063
1122
1066
948
757
715
636
637
566
557
544
515
476
424
388
353
364
344
300
332
314
338
271
329
329
291
292
262
267
284
226
238
251
216
200
214
244
259
258
230
210
216
205
211
214
196
213
191
185
187
174
169
171
175
159
170
165
155
145
173
154
157
153
151
186
167
199
179
177
168
184
175
168
163
147
134
133
95
132
112
125
119
145
104
131
117
124
100
110
120
118
111
85
71
61
54
54
31
21
16
9
6
3
2
3
4
1
1
0
0
0
0
0
0
0
0
0
0
0
0
