1
0
1
1
1
10
17
37
84
227
954
6020
3811
2524
1919
1562
1314
1057
1058
944
883
829
816
747
714
774
762
753
769
707
731
709
743
778
785
721
769
781
753
733
734
701
869
787
777
834
824
868
780
840
775
829
801
803
799
790
771
785
742
717
752
772
724
783
817
775
774
793
837
788
764
756
726
683
702
629
662
706
703
705
662
670
614
586
601
564
588
571
590
586
552
475
500
454
450
426
422
424
412
448
403
403
412
418
405
415
408
389
435
444
489
494
461
479
443
507
434
424
460
439
442
416
401
417
402
431
397
384
429
429
448
440
421
427
448
477
476
486
403
431
422
443
448
477
490
455
432
461
473
460
479
482
492
546
517
538
549
562
600
606
623
651
593
699
690
676
615
630
595
585
576
535
562
528
516
541
495
508
504
564
525
540
515
515
507
542
509
552
530
532
462
493
468
507
512
540
478
500
524
563
574
575
598
528
503
500
518
508
469
498
468
473
437
449
430
426
415
398
397
402
367
382
409
414
422
389
380
355
323
317
356
300
312
308
302
295
328
291
284
333
299
278
304
293
342
391
436
544
552
711
828
1388
2320
1662
243
7
