0
0
0
0
0
0
0
1
2
23
98
5504
3162
1876
892
708
724
680
707
744
865
932
1096
1206
1518
1730
2103
2372
2783
2965
3252
3538
3533
3373
3428
3309
3274
3109
2767
2602
2257
2202
2133
1994
1818
1509
1221
870
700
581
491
463
438
432
427
414
405
454
451
490
462
483
546
546
504
525
558
535
572
540
522
604
609
592
596
611
644
703
667
690
739
716
753
772
765
746
777
742
684
625
694
566
494
459
440
405
371
340
302
281
293
241
255
237
251
233
223
230
240
216
226
235
224
236
269
246
252
217
237
246
272
239
283
264
270
258
277
263
284
275
275
297
301
283
304
348
314
313
279
313
345
332
342
339
321
347
352
389
372
373
366
403
394
386
399
424
409
411
388
454
396
411
425
460
462
479
491
468
502
484
515
464
486
488
519
490
495
497
493
483
441
479
502
509
516
516
473
451
494
501
506
526
506
600
586
541
511
501
519
487
477
461
459
437
437
387
382
376
361
353
300
307
278
288
268
241
222
222
214
198
177
189
213
197
202
195
191
184
161
130
112
110
44
44
18
14
2
2
2
2
0
0
0
0
0
0
0
0
0
0
0
0
0
0
0
0
