0
0
0
0
4
3
16
17
15
52
65
75
100
84
115
95
90
95
124
143
133
155
201
181
239
277
281
319
319
384
411
454
591
578
662
714
770
920
942
1044
1274
1248
1579
1472
1683
2007
2081
2338
2605
2661
3221
3353
3573
3897
4142
4564
4667
4813
4873
4942
5001
4706
4664
4371
4259
3961
3888
3559
3336
3073
2732
2486
2150
2029
1809
1589
1452
1297
1225
1046
973
883
814
751
738
706
641
569
568
604
542
498
500
479
480
473
444
420
378
366
401
368
323
346
332
320
297
307
285
317
303
293
272
279
275
301
260
259
236
279
257
222
232
223
244
214
212
222
191
173
171
165
151
186
164
168
116
150
117
132
118
129
106
111
121
88
115
102
81
87
98
89
64
80
60
59
67
78
66
68
55
44
51
43
50
31
34
40
27
28
22
26
11
21
13
20
19
15
16
13
9
10
8
6
2
1
8
3
3
5
3
5
3
5
1
3
4
1
3
5
4
4
3
1
2
2
0
0
0
1
1
3
0
1
2
1
3
3
6
2
1
2
2
1
3
0
3
1
2
1
0
1
1
1
1
1
1
0
0
1
0
0
0
0
0
0
0
0
0
1
0
0
0
0
0
0
