11
138
111
94
133
141
171
240
293
423
482
426
301
313
269
241
206
188
209
172
163
176
139
155
161
141
146
159
143
157
163
147
148
173
178
178
212
201
226
242
275
295
259
322
357
384
404
448
460
473
555
546
654
659
689
716
751
754
762
846
888
924
957
1026
1013
1060
1081
1149
1181
1096
1203
1235
1273
1321
1243
1323
1298
1418
1358
1362
1356
1328
1371
1284
1253
1206
1115
1046
998
981
983
992
930
928
894
915
878
811
911
894
881
871
926
878
979
956
1059
1068
1086
1105
1260
1321
1270
1390
1504
1476
1510
1574
1569
1569
1782
1848
1832
1880
1941
2031
1789
1855
1886
2047
2280
2437
1971
1633
1413
1475
1412
1293
1310
1378
1458
1449
1259
1100
982
1112
1075
1026
1121
1036
1002
969
992
1048
1020
981
812
765
743
719
668
586
631
537
557
524
648
747
807
764
596
419
355
317
321
311
314
306
314
283
222
147
134
102
69
58
67
25
23
16
8
7
5
5
5
1
0
3
2
2
0
0
1
2
1
0
1
0
0
1
0
0
1
0
2
1
0
0
0
1
0
1
0
1
1
1
0
0
0
0
1
0
1
0
0
0
0
0
0
0
1
0
0
1
0
0
0
0
0
0
0
0
0
0
0
0
