0
36
151
154
232
246
288
512
476
644
661
677
910
741
785
745
690
739
724
677
745
672
754
760
720
809
721
771
792
787
819
865
850
818
956
870
876
911
990
998
939
951
1000
1011
1025
1083
1114
1053
1012
1046
1102
1114
1108
1118
1113
1128
1156
1163
1187
1206
1103
1189
1174
1233
1171
1223
1157
1210
1194
1205
1227
1212
1173
1227
1174
1207
1150
1240
1193
1182
1162
1184
1192
1124
1150
1141
1165
1088
1147
1111
1092
1108
1089
1047
1076
1096
1036
1022
1027
981
1018
966
1006
959
973
933
925
906
855
840
907
858
875
771
817
845
803
766
768
754
724
740
663
678
672
661
654
712
663
588
613
659
636
605
649
625
585
535
556
563
541
566
554
540
546
614
552
545
520
548
510
514
524
505
528
508
487
477
463
426
441
432
443
408
397
451
417
450
417
414
401
415
385
379
364
360
368
366
390
370
346
335
349
369
346
377
332
327
347
310
311
316
307
302
255
289
267
259
224
221
211
210
203
212
207
179
158
188
163
158
142
158
154
137
139
137
132
110
133
118
91
86
88
83
84
83
83
70
79
64
74
69
52
62
50
51
62
51
51
56
52
64
52
61
55
65
60
56
66
53
37
6
2
0
0
0
