0
1
0
2
5
10
8
22
25
44
48
63
99
98
120
150
155
154
141
116
134
127
160
140
142
175
166
129
160
137
167
167
169
177
156
170
170
177
182
190
203
192
190
226
221
224
233
244
249
278
244
305
295
316
317
305
341
348
336
382
405
458
432
505
507
462
495
550
545
561
619
645
675
690
717
751
778
899
891
914
963
951
1045
1065
1177
1187
1217
1286
1314
1300
1361
1384
1455
1539
1644
1657
1604
1675
1737
1737
1758
1782
1720
1877
1800
1837
1776
1718
1759
1696
1711
1652
1499
1502
1483
1464
1326
1277
1184
1144
1031
1006
932
876
849
770
794
779
691
694
666
647
587
672
606
613
626
593
538
588
586
545
504
488
581
520
522
509
459
474
508
533
509
564
544
521
508
548
567
481
548
615
579
588
587
535
603
676
690
676
622
706
667
653
715
731
715
686
649
698
646
710
633
727
695
678
737
783
882
822
823
819
759
817
772
814
858
853
798
880
891
930
899
857
898
893
841
818
803
724
702
686
662
643
544
565
444
446
392
377
365
337
312
308
349
343
297
285
253
222
203
177
146
126
112
89
98
101
107
141
94
116
107
113
93
92
64
64
50
41
31
6
3
0
0
0
