0
0
0
0
0
0
0
0
0
0
0
0
0
0
0
0
0
0
0
0
0
0
0
0
0
0
0
0
0
0
0
0
0
0
0
1
0
0
4
17
28
32
56
91
103
137
219
312
382
462
524
534
581
584
670
775
788
882
893
800
962
985
1064
1140
1264
1420
1591
1616
1805
1726
1642
1802
1809
1819
2010
2115
2254
2222
2090
2119
2108
2159
2155
2181
2314
2300
2406
2555
2635
2611
2653
2527
2494
2588
2744
2660
2616
2426
2337
2237
2131
2015
1979
1782
1661
1463
1362
1225
1217
1144
1057
1053
988
868
839
846
710
748
701
675
685
613
583
548
514
541
492
478
488
471
452
444
413
429
437
394
470
438
448
418
398
398
396
389
397
385
343
390
398
385
408
368
381
395
367
373
405
368
401
406
408
398
365
383
376
436
409
432
413
443
421
419
384
474
422
439
436
438
435
450
384
427
372
385
383
392
363
373
343
345
327
282
333
298
280
322
278
253
259
267
245
288
248
213
252
195
217
223
214
196
204
191
188
159
163
153
137
148
130
136
120
106
120
112
98
120
104
101
101
106
107
97
85
95
77
79
97
84
74
68
78
68
65
41
46
40
33
34
20
23
15
5
4
13
8
3
