0
0
0
0
0
0
0
0
0
0
0
0
0
0
0
0
0
0
0
0
0
0
0
0
0
0
0
0
0
0
0
0
0
1
0
0
0
0
0
0
0
0
0
4
8
16
22
12
16
21
12
15
30
29
47
70
84
131
177
220
233
286
282
338
327
361
376
350
375
358
376
384
429
446
426
509
604
709
994
1296
1726
2264
2706
3195
3723
4136
4445
4379
4067
3786
3656
3402
3524
3324
3134
2784
2266
2001
1709
1567
1495
1542
1684
2207
2599
2857
3161
2942
2345
1761
1425
1309
1220
1234
1166
1133
1021
1093
1041
990
891
889
924
876
851
780
728
679
685
650
601
585
605
525
471
487
448
436
399
381
368
361
336
311
297
292
261
259
233
222
199
216
211
184
171
123
151
132
145
130
126
104
116
124
110
91
102
81
104
95
86
78
65
70
85
67
73
91
107
124
120
124
129
142
174
149
172
186
218
250
280
383
426
512
631
686
793
872
1053
1149
1393
1499
1725
1761
1682
1683
1581
1501
1501
1452
1163
868
631
411
157
109
65
45
33
28
30
33
23
18
10
23
18
9
13
13
18
17
12
16
12
14
14
18
14
17
16
14
13
23
28
30
45
62
60
64
72
58
36
13
3
0
