0
0
0
0
0
0
0
0
0
0
0
0
0
0
0
0
0
0
0
0
0
0
1
0
0
0
0
0
2
5
2
11
27
40
58
126
192
216
180
173
246
290
353
378
440
480
591
676
674
739
754
822
926
915
841
698
722
692
655
622
597
523
538
536
528
520
552
530
499
519
464
491
529
453
473
513
562
584
637
678
731
777
879
1009
1048
1179
1253
1397
1536
1481
1740
1721
1783
1772
1877
1929
1953
1801
1895
1876
1866
1831
1769
1774
1796
1736
1895
1841
1843
1823
1743
1782
1834
1735
1764
1786
1674
1626
1642
1623
1542
1528
1495
1492
1431
1472
1442
1367
1314
1302
1342
1266
1200
1149
1170
1177
1094
1109
983
1037
990
963
931
904
880
798
778
728
741
747
652
684
634
636
585
543
496
490
423
449
395
352
346
323
287
295
285
278
226
214
211
210
149
192
173
155
143
141
121
122
111
98
114
95
106
92
84
76
75
95
89
82
88
74
81
80
75
88
75
98
70
79
76
67
81
72
81
68
86
59
78
71
81
70
67
70
65
68
66
70
74
70
75
71
78
73
82
66
81
71
71
85
91
79
89
90
106
91
90
116
126
165
212
307
601
1410
1968
1687
1874
1457
1137
914
576
948
1456
818
