0
0
0
0
0
0
0
0
0
0
0
0
0
0
0
0
0
0
0
0
0
0
0
0
0
0
0
0
0
0
0
0
0
6
27
193
463
800
1056
1050
937
813
850
861
805
758
715
757
785
799
859
924
884
908
993
962
969
976
941
972
928
986
975
978
977
961
935
887
872
863
884
951
885
798
865
839
802
818
923
806
858
790
777
837
787
835
828
805
799
844
832
901
834
913
900
942
901
883
988
962
961
985
1013
1010
1082
999
1014
1067
1074
1086
1126
1069
1151
1131
1095
1102
1121
1176
1147
1271
1166
1223
1184
1234
1186
1178
1198
1212
1178
1152
1134
1123
1185
1091
1141
1125
1082
1109
1124
1154
1110
1083
1159
1138
1170
1138
1099
1096
1113
1091
1048
1066
1060
1026
1098
1088
982
1066
1022
1031
952
1002
928
921
916
929
897
923
866
863
832
818
792
729
695
753
675
612
622
581
547
514
512
479
468
461
448
412
407
362
362
332
401
303
322
309
278
244
285
316
289
260
245
238
220
246
225
182
194
185
187
174
146
167
157
164
134
131
142
124
113
113
133
141
113
134
152
151
135
153
127
111
157
153
150
142
141
130
119
106
98
128
94
80
91
68
72
69
95
59
71
62
55
29
23
0
