3
36
49
77
208
262
444
795
986
1466
1773
2004
2131
1782
1675
1565
1342
1440
1252
1367
1300
1256
1263
1224
1227
1273
1149
1188
1244
1181
1170
1121
1173
1065
1138
1177
1075
1134
1018
1096
1090
1020
1021
1055
1047
993
971
1010
1065
1041
1029
1045
1080
1043
1075
1072
1058
1032
1062
1024
1002
987
975
936
934
919
854
782
738
695
638
656
579
589
554
526
508
493
490
455
452
444
415
402
373
344
357
373
337
373
361
403
428
433
418
460
496
516
706
826
878
908
935
948
1146
1245
1586
1673
1709
1744
1821
1979
1826
1553
1272
1062
1152
1123
1148
960
811
921
850
786
613
497
437
441
453
611
781
797
786
837
991
990
784
686
600
537
411
310
301
260
202
232
186
222
214
181
222
223
216
232
201
225
236
215
231
259
255
235
257
230
288
229
250
253
244
233
231
233
234
211
210
201
187
199
187
192
177
164
181
147
159
179
180
143
170
201
187
200
205
194
229
223
242
199
215
233
188
197
168
198
148
125
151
137
134
119
111
104
98
104
96
85
102
84
88
81
64
69
69
67
73
68
56
59
59
73
69
70
74
78
81
79
82
88
73
94
74
96
104
104
153
142
231
337
563
858
1591
2325
1457
171
0
0
