0
0
0
0
0
0
0
0
0
0
0
0
0
0
0
1
0
2
4
13
17
20
40
56
96
163
255
378
643
1046
2350
3054
2602
2069
1742
1575
1448
1389
1296
1351
1311
1319
1247
1329
1273
1229
1288
1212
1346
1239
1318
1390
1396
1374
1349
1377
1360
1358
1395
1334
1458
1445
1475
1437
1522
1560
1528
1548
1621
1608
1655
1682
1657
1644
1702
1781
1733
1661
1659
1639
1611
1623
1583
1583
1589
1521
1496
1423
1352
1437
1357
1306
1168
1157
1135
1127
1127
1131
1052
1008
976
984
994
972
961
1009
962
876
823
827
861
798
796
773
711
784
678
628
680
673
605
602
610
622
546
538
576
524
475
475
486
470
411
439
402
414
400
397
393
357
377
317
319
296
297
335
330
305
300
345
318
314
319
298
303
303
280
295
276
334
332
308
346
291
285
310
271
245
253
266
274
225
229
214
228
217
220
215
193
189
173
198
176
175
152
183
158
181
170
178
154
141
147
154
134
138
139
143
130
143
119
120
115
93
92
113
111
82
91
90
92
75
93
81
86
97
102
84
95
80
70
84
88
73
71
79
80
64
86
85
85
81
78
99
97
89
100
108
104
125
128
123
155
213
253
300
402
480
396
254
96
37
4
1
0
0
