103
236
185
280
744
16540
2362
1542
1394
1156
878
727
737
650
593
616
632
674
678
586
652
606
779
603
697
618
660
629
752
604
638
657
644
694
670
711
706
749
791
756
750
706
762
702
738
718
683
688
690
683
674
654
658
740
676
667
684
738
763
751
787
795
762
824
837
867
942
940
990
1053
1270
1453
1571
1473
1292
1315
1320
1424
1452
1520
1525
1586
1388
1420
1399
1311
1326
1283
1302
1176
1109
1093
1102
1023
1049
1065
1126
1136
1037
1048
1006
963
952
888
840
689
658
609
527
486
475
463
421
450
462
458
423
402
430
398
406
391
379
358
353
296
351
324
324
304
334
343
309
335
334
375
354
363
355
372
372
388
411
373
351
392
379
367
357
373
367
373
386
349
357
352
374
345
373
294
325
280
304
269
245
252
248
231
245
245
244
253
233
264
217
213
255
232
241
263
247
270
257
309
282
272
289
285
244
262
277
274
264
268
271
280
280
317
257
298
322
334
376
404
440
413
467
464
515
496
484
467
433
424
514
535
490
461
380
360
235
189
147
101
88
76
67
62
58
73
47
54
66
51
49
51
45
57
45
49
47
49
75
55
58
68
48
35
27
33
32
33
48
56
47
1
