0
0
0
0
0
1
0
1
5
26
64
635
526
578
664
758
857
900
929
914
899
921
999
1038
1110
1088
1163
1188
1244
1246
1281
1259
1189
1232
1248
1255
1241
1288
1316
1253
1312
1348
1393
1354
1380
1504
1473
1457
1540
1463
1421
1262
1224
1190
1146
1157
1115
1176
1073
1050
971
1027
964
1013
1051
1026
1116
1152
1109
1095
1183
1186
1251
1210
1253
1194
1186
1171
1130
1113
1085
1088
1059
1093
977
997
966
937
907
971
884
897
913
883
938
894
981
940
921
929
866
923
962
936
1009
1023
971
991
983
944
931
881
798
822
857
833
854
875
851
869
883
884
910
882
865
878
895
902
943
973
923
731
712
695
697
703
593
548
486
465
446
421
367
357
326
280
319
284
271
270
266
260
253
273
258
252
301
272
248
242
244
257
250
260
220
229
230
239
269
229
214
233
235
231
225
211
224
209
227
194
211
197
180
193
166
192
174
200
161
177
181
169
158
150
156
150
154
141
147
146
150
176
158
135
148
126
134
136
118
160
140
122
123
127
113
109
126
126
123
113
95
125
113
105
85
112
121
111
150
149
141
159
118
114
127
134
140
183
140
145
136
157
120
162
168
182
225
280
405
499
655
384
31
4
2
0
