0
4
8
10
25
22
47
52
66
92
115
177
201
244
225
201
167
191
149
153
138
161
156
154
133
137
133
136
166
144
124
143
116
132
138
155
148
158
131
144
173
161
172
156
185
200
225
232
225
259
263
324
299
326
335
346
336
367
360
371
376
434
422
436
482
549
502
560
564
600
610
699
706
755
828
858
853
970
950
1029
1034
1045
1163
1268
1236
1325
1356
1376
1476
1485
1461
1544
1663
1654
1685
1789
1748
1767
1785
1844
1891
1826
1809
1923
1933
1828
1967
1933
1820
1861
1816
1807
1805
1824
1746
1841
1774
1870
1824
1791
1884
1916
1835
1740
1705
1772
1622
1592
1812
1738
1606
1555
1551
1533
1455
1325
1337
1191
1021
1103
1000
1016
1019
956
919
872
817
842
794
716
660
676
672
593
563
616
547
510
444
409
395
381
377
369
360
359
326
333
311
340
361
285
315
273
274
289
289
321
329
370
389
387
309
277
246
229
197
200
180
170
143
159
183
168
160
162
145
151
142
125
156
157
128
135
150
135
144
123
136
125
113
134
114
126
124
122
112
111
110
119
111
110
105
107
99
90
104
100
105
107
105
130
120
117
118
100
145
130
115
105
114
124
130
137
166
208
184
165
186
224
242
471
376
70
6
1
