0
0
0
0
4
4
18
31
41
62
63
100
113
106
89
96
96
91
96
91
108
102
116
128
133
142
134
146
174
196
207
209
238
286
355
353
421
404
417
461
436
497
545
542
536
523
557
600
623
619
636
645
669
627
607
626
638
652
623
614
627
604
581
589
616
602
623
632
627
566
590
622
516
602
529
545
481
437
471
458
426
453
466
479
481
460
448
475
443
437
399
463
456
439
442
421
418
430
466
480
466
485
449
489
504
461
521
474
482
445
467
490
395
456
437
448
510
548
678
708
786
796
922
1048
1141
1330
1460
1618
1733
1789
1725
1657
1544
1311
1283
1108
954
863
694
461
376
269
306
372
610
849
1173
1321
1886
3227
5180
6260
6011
6325
6139
5126
4481
4169
3813
3521
3671
3525
2497
1392
675
392
248
187
147
117
106
86
104
96
106
79
76
95
73
67
94
62
70
81
63
60
65
51
67
82
62
69
53
60
70
67
66
66
59
72
77
63
65
62
52
58
44
62
49
42
51
62
61
57
48
53
64
55
44
45
69
44
50
57
47
42
40
43
39
40
36
32
30
37
32
48
44
43
62
81
119
124
126
133
120
146
149
206
194
223
283
351
504
503
458
158
