0
4
16
18
37
73
92
177
269
508
1086
7969
4891
2178
1716
1298
1105
1081
974
842
881
785
812
814
732
775
779
767
745
726
750
783
759
809
786
796
864
774
878
886
868
904
873
959
959
883
916
870
878
881
890
859
894
807
832
848
874
860
830
890
893
917
895
883
903
893
900
956
951
938
1010
982
985
968
1004
1044
1075
1121
1113
1122
1251
1107
1182
1225
1240
1237
1331
1356
1350
1292
1322
1403
1275
1218
1236
1217
1176
1088
1074
1035
1127
1016
975
928
945
902
966
879
890
798
809
846
763
776
727
732
665
712
611
602
624
557
558
507
554
480
515
472
489
441
480
477
466
471
417
434
434
426
403
392
410
366
405
355
349
416
379
347
358
362
340
364
333
346
321
355
283
323
308
375
330
288
323
308
300
310
315
345
328
320
304
302
284
228
228
268
206
182
177
144
183
155
152
159
120
103
154
138
161
134
119
96
94
101
99
95
113
96
103
111
110
115
99
81
100
94
105
119
114
102
122
141
143
120
130
135
149
153
171
172
159
183
191
253
236
266
273
299
326
329
343
342
374
432
456
447
448
405
381
317
312
272
266
270
265
208
223
186
116
29
3
1
0
0
0
0
