0
2
2
5
12
13
21
30
48
80
118
179
214
252
258
265
278
289
288
292
291
257
256
229
234
187
189
184
162
175
194
204
217
236
265
219
285
358
389
386
475
496
595
588
727
782
785
893
1009
1104
1143
1214
1250
1322
1329
1252
1225
1363
1440
1502
1549
1496
1546
1593
1643
1677
1683
1640
1693
1745
1745
1839
1817
1903
1848
1750
1916
1796
1805
1860
1731
1673
1636
1545
1483
1368
1212
1253
1240
1294
1212
1138
1093
980
916
848
711
721
658
685
607
548
512
545
516
488
491
442
478
427
448
367
380
392
366
335
350
343
310
316
329
313
283
325
346
324
337
341
352
337
365
329
359
341
387
397
443
492
491
581
626
705
805
696
692
732
758
812
732
770
724
688
729
842
822
801
734
755
942
1211
1462
1610
1610
1756
1864
1951
1939
1878
1850
1899
2028
1849
1347
1113
889
725
591
481
409
355
319
316
334
361
309
335
309
277
260
211
190
164
135
161
118
115
105
96
81
99
94
77
89
92
87
100
103
101
88
95
101
93
102
103
100
95
102
91
95
121
117
132
125
125
165
141
148
154
112
107
79
77
72
73
77
68
58
54
46
48
69
64
52
61
62
63
58
66
68
96
105
91
30
1
0
0
