0
0
0
1
0
2
4
7
2
9
6
12
23
33
36
75
96
113
146
210
231
259
246
319
365
402
469
471
539
604
660
678
730
725
753
766
812
865
936
991
992
1054
1145
1168
1195
1179
1198
1138
1172
1180
1096
1088
1112
1055
1063
1074
1076
1013
991
1010
985
962
1061
959
918
856
900
839
849
844
812
816
839
795
788
783
793
758
750
776
798
803
736
743
743
848
801
770
783
756
779
808
774
737
749
726
726
784
739
716
667
740
771
807
705
727
740
752
748
761
791
743
761
794
760
759
748
737
786
719
823
787
764
731
775
748
725
742
756
723
727
719
768
714
737
665
721
641
640
622
643
636
603
577
596
545
549
508
500
519
492
453
458
428
434
400
398
382
405
315
346
331
274
252
288
267
231
250
190
183
185
215
156
167
111
109
143
135
136
132
109
107
101
100
103
104
94
87
99
76
73
77
62
65
89
62
69
53
63
63
74
52
67
58
51
43
64
50
52
54
46
63
43
54
44
40
45
60
56
58
47
50
54
56
57
49
68
58
72
83
146
158
152
169
175
223
260
274
283
402
481
452
686
694
728
1111
1224
1287
2168
1730
1661
2403
2380
2691
5291
13365
