0
0
0
0
2
1
1
1
2
1
2
2
3
4
5
4
6
13
15
16
16
12
9
19
25
19
23
25
36
36
40
43
61
60
83
103
90
120
166
143
153
167
199
203
214
214
207
196
251
242
272
245
289
292
335
321
367
489
497
560
711
725
762
876
958
1164
1189
1279
1429
1472
1542
1682
1716
1709
1850
1909
1904
1877
1735
1717
1710
1699
1619
1619
1575
1491
1465
1477
1481
1491
1362
1371
1489
1411
1405
1361
1457
1397
1513
1554
1385
1394
1429
1404
1381
1472
1359
1359
1380
1346
1334
1394
1378
1345
1325
1375
1258
1224
1297
1302
1224
1242
1241
1228
1152
1099
1122
1133
1054
984
955
923
938
891
829
882
880
889
880
902
841
860
828
865
867
871
855
772
808
720
787
772
738
782
797
772
766
771
689
717
693
683
714
681
689
704
668
634
606
618
592
607
544
523
525
480
479
497
475
459
484
482
464
438
440
432
432
389
377
371
359
351
343
386
356
329
320
316
289
297
303
274
255
267
285
279
285
279
278
264
243
219
224
232
208
203
183
199
175
157
160
169
145
135
101
141
94
75
95
60
50
62
34
45
29
25
22
23
10
8
10
6
6
5
6
0
0
3
1
1
0
0
1
1
0
0
