2
125
157
269
291
364
474
687
667
603
548
542
446
471
423
468
461
433
373
396
409
395
390
367
400
395
389
360
389
395
439
410
404
411
453
472
478
486
494
477
521
531
538
595
586
613
629
635
626
653
638
625
670
706
666
697
643
721
685
721
735
788
694
681
679
739
660
704
667
691
676
701
652
678
760
677
660
677
692
684
728
671
687
651
634
629
618
618
609
627
638
594
594
610
549
563
577
607
568
546
577
619
630
602
589
581
595
589
633
626
562
539
594
520
531
558
510
487
542
592
576
509
548
520
554
519
548
544
614
591
541
603
563
591
595
607
586
567
588
646
627
672
625
706
666
672
703
712
740
679
735
736
700
723
758
763
797
786
740
774
835
784
788
881
849
822
915
901
901
889
982
1048
1061
1111
1006
991
1004
1000
1028
1003
1013
1067
1016
1028
1057
1029
1151
1128
1291
1309
1348
1333
1420
1424
1403
1241
1413
1439
1359
1321
1259
1316
1229
1191
1159
1146
1223
1156
1150
1006
997
842
684
596
475
428
379
351
330
262
236
166
153
105
74
50
42
39
13
3
2
3
1
0
1
0
1
0
0
0
1
2
1
0
0
1
1
0
0
0
1
1
3
2
6
0
