0
0
4
2
3
20
57
90
47
33
35
46
40
42
29
32
43
46
35
46
39
47
51
43
63
73
58
65
69
67
76
67
57
71
74
108
115
135
153
199
219
220
307
370
330
486
577
530
602
742
790
830
1133
1417
1724
1854
2059
2118
2130
2279
2460
2382
1871
1467
1193
1002
831
734
633
580
427
385
425
394
415
496
516
531
540
523
553
524
568
583
640
622
660
700
702
836
914
982
1037
1059
1205
1345
1453
1547
1605
1669
1763
1796
1848
1775
1686
1748
1680
1560
1463
1338
1266
1152
1119
1028
940
870
868
886
802
860
856
763
764
753
762
715
695
717
726
694
674
628
608
579
576
543
561
568
560
528
526
613
552
521
584
536
452
524
529
516
493
484
512
513
520
520
525
524
532
528
477
544
543
553
583
559
556
546
488
534
578
565
491
504
525
520
575
507
532
554
569
506
488
514
558
501
478
482
521
516
524
477
445
483
495
475
504
526
502
472
492
501
502
521
506
494
459
417
506
456
492
519
462
475
479
476
492
477
458
501
449
491
498
479
512
525
488
539
493
560
530
464
481
490
441
472
497
493
470
365
405
388
377
294
274
233
219
270
346
281
287
313
189
88
14
3
