0
0
0
0
0
0
0
0
0
0
0
0
0
0
0
0
0
0
0
0
0
0
0
0
0
0
0
0
0
0
0
0
0
0
0
0
0
0
1
5
14
29
36
47
63
82
94
105
107
138
166
176
163
187
268
255
298
302
328
349
369
360
315
334
351
373
361
348
350
404
420
387
410
382
379
387
374
342
377
349
335
418
392
406
435
453
488
483
560
528
551
620
672
639
697
711
722
666
764
791
781
739
794
800
837
904
862
983
967
955
994
1005
1002
1072
1207
1205
1265
1449
1458
1546
1681
1690
1847
2100
2284
2559
2831
3130
3860
4212
4465
5159
6113
7168
8905
10523
10297
7448
4218
2322
1537
1414
1283
1281
1241
1284
1280
1255
1099
996
787
677
585
488
397
359
336
262
262
254
259
233
213
183
142
116
93
86
65
64
61
35
40
23
18
20
15
17
18
12
10
6
7
5
5
4
3
2
5
2
3
1
3
1
0
0
0
0
0
0
0
0
1
0
0
0
0
0
0
0
0
0
0
0
0
0
0
0
0
0
0
0
0
0
0
0
0
0
0
0
0
0
0
0
0
0
0
0
0
0
0
0
0
0
0
0
0
0
0
0
0
0
0
0
0
0
