2
88
164
131
364
350
431
569
935
1921
9572
1877
1241
974
991
898
786
808
724
693
666
629
612
613
578
571
553
514
534
582
573
546
542
509
556
588
536
570
568
597
598
564
535
548
610
619
596
655
616
664
605
670
740
727
724
800
860
816
896
950
977
1060
1081
1119
1302
1198
1101
1099
1118
1154
1101
1103
1091
1066
1126
1050
1038
960
974
981
1010
941
935
951
934
921
898
862
821
887
871
840
851
842
879
828
835
860
829
945
914
863
861
873
832
859
773
821
794
755
729
702
729
715
675
715
686
648
646
599
616
648
616
583
496
490
478
493
447
465
397
380
343
321
327
362
354
394
337
305
299
331
282
272
291
270
288
255
254
284
272
275
357
278
276
276
240
249
285
294
333
324
341
371
360
352
365
337
373
346
350
356
353
380
341
364
386
411
460
428
505
532
511
494
574
519
558
521
533
618
578
544
545
532
550
567
588
576
578
545
539
580
574
614
650
681
644
757
752
751
698
622
575
538
504
496
481
435
473
414
405
396
363
332
286
262
235
238
233
155
174
157
123
112
131
111
100
101
98
102
97
87
78
87
81
106
82
87
75
111
101
123
176
213
420
429
