0
0
0
0
0
0
0
0
0
0
0
0
0
0
0
0
0
0
0
0
0
0
0
0
0
0
0
0
0
0
0
0
0
4
4
7
13
18
20
21
33
59
70
108
140
260
368
436
515
546
723
814
916
991
1053
1137
1146
1241
1446
1661
1799
1629
1465
1319
1209
1064
1008
888
778
675
533
509
440
365
276
241
259
299
307
281
336
404
398
393
441
474
504
574
600
670
688
785
849
906
890
989
1021
1005
1134
1127
1169
1216
1316
1438
1344
1434
1517
1626
1606
1802
1788
1938
2006
2053
2095
2105
2130
2251
2314
2406
2529
2707
2633
2482
2401
2230
2176
2471
2496
2649
2860
2868
2920
2918
2811
2728
2932
2818
2514
2312
2077
1887
1665
1427
1081
877
858
771
727
700
696
624
655
591
583
561
535
531
596
569
564
555
483
447
362
335
282
254
245
214
200
175
135
124
120
110
85
76
76
49
45
42
35
28
26
8
6
6
3
3
1
1
3
0
0
1
0
0
0
0
0
0
0
0
0
0
0
0
0
0
0
0
0
0
0
0
0
0
0
0
0
0
0
0
0
0
0
0
0
0
0
0
0
0
0
0
0
0
0
0
0
0
0
0
0
0
0
0
0
0
0
0
0
0
0
0
