0
0
0
0
0
0
0
0
0
0
0
0
0
0
0
0
0
0
0
0
0
0
0
0
0
0
0
0
0
0
1
2
0
1
4
4
11
10
23
36
111
231
166
127
114
110
152
173
237
245
318
305
332
390
391
404
430
479
478
544
498
517
586
589
563
598
637
683
694
719
766
756
753
792
801
864
892
924
983
1036
985
1044
1121
1121
1112
1252
1230
1306
1393
1304
1380
1383
1480
1539
1565
1490
1540
1586
1569
1696
1697
1710
1717
1735
1867
1865
1941
1899
1936
1957
1927
1950
1987
1973
1993
1904
1942
2010
1979
1935
1960
1959
1884
1859
1872
1900
1921
1746
1805
1783
1701
1738
1662
1603
1602
1564
1512
1436
1457
1355
1303
1267
1276
1241
1147
1127
1093
1070
1039
1010
936
898
877
833
846
787
761
752
707
637
603
584
542
527
558
500
493
482
418
428
425
432
381
367
360
339
314
295
310
237
263
275
263
199
250
223
210
198
196
192
182
168
164
169
147
151
158
149
135
130
123
122
107
112
113
93
106
101
89
86
62
77
75
67
73
63
73
54
55
56
54
48
36
53
36
50
36
44
40
39
35
31
36
31
25
20
15
19
24
18
6
16
11
10
16
9
8
10
21
20
18
11
5
0
0
0
