0
0
0
0
0
0
0
0
0
0
1
1
2
5
19
34
68
118
263
448
939
1837
8335
2549
1766
1424
1364
1226
1259
1226
1247
1119
1136
1108
1008
1032
954
978
910
933
874
865
822
817
827
808
816
770
786
859
803
754
812
818
799
837
878
849
890
843
844
894
892
987
948
985
1016
1043
1189
1267
1352
1454
1435
1515
1624
1661
1641
1692
1687
1624
1604
1497
1417
1251
1222
1052
1004
834
720
701
587
542
499
385
379
341
322
307
260
280
269
233
269
231
246
269
296
289
317
310
313
352
312
344
375
353
387
363
416
439
401
406
367
362
351
313
334
282
258
227
256
235
245
357
711
905
1018
1023
1093
1180
1414
1442
1593
1505
1360
1217
1287
1201
1131
1135
1190
1341
1468
1372
1218
1122
1177
1277
1524
1526
1402
1233
1136
1110
1026
854
876
846
825
872
833
793
853
892
816
629
548
538
502
466
342
312
223
185
185
177
172
124
139
105
96
100
93
71
76
67
77
59
60
65
49
57
29
33
32
31
31
26
32
26
27
25
21
15
15
21
17
17
16
15
11
11
10
7
8
6
6
4
2
3
5
5
4
1
1
2
3
1
0
0
0
0
0
0
0
0
0
0
0
1
0
0
0
0
0
0
