0
0
0
0
0
0
0
0
0
0
0
0
0
0
0
0
1
4
3
17
31
55
69
88
115
154
167
225
288
359
470
571
622
685
715
786
838
817
853
799
785
800
828
858
755
802
771
714
726
736
752
739
710
739
739
691
716
681
745
690
685
705
724
691
775
741
737
745
816
813
829
852
886
900
894
878
917
933
873
940
901
914
891
898
905
861
852
834
840
805
805
808
735
787
859
851
833
797
831
828
867
855
894
835
871
897
867
867
950
887
947
970
989
982
942
941
1029
988
1024
996
980
1017
952
981
956
987
938
856
895
892
835
856
873
874
864
823
818
824
813
815
835
748
750
729
651
737
680
723
669
633
648
608
598
592
597
546
571
511
612
610
551
594
605
501
572
551
508
481
491
519
489
485
500
428
448
409
401
406
383
406
353
300
317
331
339
302
279
266
268
250
246
265
258
223
208
214
199
199
191
188
175
201
177
174
159
196
149
170
151
161
151
164
152
152
177
155
217
181
237
225
226
257
242
248
259
264
302
297
352
408
421
536
570
684
718
768
798
836
923
1004
1127
1154
1246
1525
1518
1606
2061
6497
2367
249
90
27
0
0
0
0
