3
10
16
11
21
31
47
132
241
903
2526
2563
1568
1141
997
982
879
747
651
603
532
511
435
434
398
388
363
338
385
387
390
386
395
374
397
344
409
375
353
374
367
393
387
426
464
449
482
536
593
672
712
788
830
812
837
768
787
750
705
639
635
607
561
598
571
531
536
543
488
486
483
456
470
457
471
454
451
457
457
443
442
467
479
432
474
460
459
476
469
454
501
511
477
493
482
561
572
594
588
630
677
709
747
774
781
796
780
845
927
876
905
959
865
861
808
872
832
794
769
770
752
691
687
695
700
669
704
654
675
648
594
609
627
654
609
629
596
593
600
672
696
639
649
683
620
632
649
647
631
624
672
600
650
632
631
632
658
619
602
668
728
717
674
708
756
737
805
759
774
829
834
841
928
984
1073
1167
1099
1176
1248
1260
1364
1437
1456
1529
1575
1575
1642
1650
1635
1698
1694
1643
1571
1472
1598
1473
1367
1316
1179
1156
1011
894
804
671
634
535
440
408
354
268
226
232
173
188
135
142
106
95
86
86
62
62
62
59
55
74
40
61
71
59
44
32
45
46
34
52
37
32
46
33
39
33
50
47
41
49
37
39
40
45
49
59
59
77
153
111
