0
0
0
0
0
0
0
0
0
0
0
0
0
0
0
0
0
0
0
0
0
0
0
0
0
0
0
0
0
0
0
3
4
7
13
25
41
56
94
102
141
176
213
267
313
296
339
347
422
419
464
508
543
679
686
787
837
872
994
991
1104
1210
1243
1276
1220
1380
1397
1404
1483
1465
1506
1636
1685
1655
1728
1669
1702
1670
1753
1724
1721
1764
1734
1853
1819
1780
1899
1742
1778
1848
1708
1710
1644
1591
1605
1511
1500
1403
1457
1297
1245
1176
1116
1165
989
971
981
914
914
900
844
816
774
725
715
644
612
608
566
573
568
547
468
446
449
384
382
348
320
286
283
279
262
275
212
240
259
290
339
359
359
378
336
380
486
541
500
478
402
369
392
379
347
343
332
276
306
282
234
250
230
233
231
192
213
186
199
235
226
228
234
255
264
269
287
269
273
235
247
276
255
255
278
330
381
313
263
282
209
204
166
123
161
147
181
135
176
199
234
235
257
307
379
384
405
464
484
547
697
800
951
1249
1271
1171
1021
908
882
779
724
783
795
899
842
887
947
905
946
858
845
867
752
746
734
687
684
572
540
546
566
693
775
1028
1252
1127
1020
939
606
382
395
338
316
329
319
330
443
192
