1
0
2
2
4
7
6
16
22
32
30
34
68
72
73
103
108
137
194
223
244
220
211
226
215
225
236
236
253
278
246
250
249
270
256
311
279
311
304
278
292
321
338
388
317
362
405
431
433
408
415
443
455
442
474
524
591
616
738
794
901
925
1116
1208
1299
1395
1427
1562
1627
1633
1728
1700
1655
1633
1676
1714
1648
1625
1662
1644
1622
1515
1523
1438
1434
1336
1267
1390
1259
1323
1299
1330
1352
1314
1322
1244
1273
1288
1280
1326
1285
1295
1328
1244
1222
1250
1267
1211
1241
1155
1144
1051
1029
1026
979
930
962
835
847
842
769
773
740
770
695
678
642
646
676
621
582
613
579
574
574
540
509
490
490
490
504
449
448
502
440
431
482
455
437
428
453
417
393
404
383
389
386
433
416
401
397
411
405
373
415
384
390
395
391
420
382
375
390
404
433
436
439
450
458
452
411
455
431
467
459
460
466
472
464
460
465
443
461
446
498
474
507
494
506
476
515
506
482
484
499
459
459
421
460
450
441
420
431
380
405
381
365
373
310
336
308
290
308
283
262
280
256
252
260
269
296
269
269
293
262
255
266
262
241
185
197
222
191
218
204
197
174
182
219
263
315
462
751
1177
1716
878
