0
0
0
1
0
0
0
2
2
2
10
8
15
14
21
15
23
21
24
23
34
31
39
47
56
59
66
82
72
110
79
90
90
95
114
117
122
145
139
164
157
182
180
158
193
183
191
189
197
199
222
229
240
204
249
271
251
258
249
265
275
294
291
279
299
342
320
390
388
383
435
440
443
475
499
484
519
610
539
583
560
594
595
575
626
647
673
629
615
709
706
733
764
749
812
863
905
911
999
1004
1098
1140
1275
1298
1343
1520
1426
1529
1527
1491
1444
1422
1404
1333
1381
1462
1488
1408
1449
1371
1292
1335
1429
1433
1447
1430
1360
1354
1259
1286
1311
1457
1519
1489
1415
1458
1315
1316
1345
1300
1379
1273
1355
1348
1386
1377
1291
1377
1414
1642
1715
1616
1621
1471
1234
1155
1109
1044
1032
966
884
848
829
782
703
683
573
556
536
573
503
520
491
551
584
595
620
697
727
828
900
897
981
955
1005
930
811
799
731
658
594
508
394
361
328
309
247
260
232
245
258
215
266
227
248
244
266
275
263
263
256
222
236
196
228
199
199
218
197
210
200
230
229
249
283
286
309
334
385
326
415
520
540
566
633
645
577
583
550
513
509
476
423
402
357
303
247
213
231
168
180
170
179
251
420
265
