0
0
0
0
0
0
0
0
0
3
2
2
25
165
374
524
656
755
860
805
778
798
801
859
847
891
921
915
890
891
900
962
857
928
996
909
1027
917
945
959
979
928
888
919
912
852
862
880
811
827
766
706
661
630
650
625
649
583
593
559
621
581
591
634
691
642
634
679
691
646
635
581
601
605
585
606
607
565
504
487
522
509
525
491
521
538
573
571
593
541
542
560
537
562
550
503
558
477
475
495
491
467
458
463
475
472
467
472
374
420
384
363
422
399
395
424
430
499
485
511
583
609
602
637
649
664
697
640
662
644
678
702
658
725
723
682
688
685
711
692
755
724
756
716
734
834
830
767
849
872
863
900
854
870
835
858
888
948
953
922
1013
989
1014
927
961
874
943
904
866
807
718
727
740
736
693
711
767
746
718
752
731
736
707
766
728
693
690
656
707
687
685
686
710
727
758
680
762
716
667
684
632
627
632
642
641
701
744
631
651
727
714
713
742
720
860
916
1023
1220
1431
1527
1564
1599
1295
1007
635
442
294
206
165
130
123
86
77
56
38
34
31
26
14
11
18
10
14
12
3
4
3
8
6
3
5
3
2
0
0
0
