0
0
0
0
0
0
0
0
0
0
0
0
0
0
0
0
0
0
0
0
0
0
0
0
1
0
8
15
62
148
290
381
498
616
650
725
851
849
932
974
1006
1145
1196
1193
1257
1292
1298
1301
1319
1361
1429
1417
1446
1475
1522
1650
1614
1661
1597
1676
1631
1618
1575
1558
1541
1445
1347
1219
1148
1045
1011
893
802
784
651
581
590
489
463
454
408
356
338
302
299
275
258
263
266
261
280
267
267
264
258
318
331
349
363
368
381
398
412
455
493
536
581
510
532
528
535
579
580
548
534
579
584
586
712
744
916
917
1064
1180
1313
1606
1780
1681
1722
1617
1518
1426
1380
1364
1246
1230
1099
1056
1018
844
810
687
632
598
566
480
461
390
358
298
265
225
194
179
153
135
133
140
114
125
112
98
117
97
95
103
110
119
117
141
160
220
229
241
238
312
367
479
639
847
1088
1194
1265
1308
1225
1185
1113
1032
800
584
425
292
243
176
140
98
78
72
117
163
204
231
230
215
185
224
210
170
167
194
178
135
154
170
172
150
172
172
142
144
106
88
91
93
51
36
21
21
23
17
13
15
12
16
20
15
12
19
23
16
20
15
22
35
38
45
58
100
150
208
356
1287
2121
2233
4857
15572
