25
39
99
131
282
567
580
1465
781
398
254
211
188
188
165
188
265
376
413
384
325
378
362
382
358
418
430
457
553
567
609
683
702
797
897
1148
1085
971
1040
1317
1295
1420
1382
1258
1240
1357
1304
1235
1254
1244
1413
1333
1091
909
826
816
760
736
648
619
565
593
626
721
705
641
592
586
648
616
552
593
629
639
629
682
771
850
834
890
843
871
856
902
951
893
1052
996
963
925
1107
1159
1208
1325
1297
1213
961
863
783
817
795
901
917
890
832
774
698
661
661
609
571
536
470
427
458
439
456
418
469
420
446
421
454
472
417
430
405
420
413
395
403
417
451
426
467
465
468
441
433
413
463
416
441
422
459
409
438
397
352
406
362
394
336
371
369
334
333
337
305
321
329
315
318
313
322
315
295
324
349
296
308
282
324
323
274
313
295
265
290
282
284
277
294
271
277
296
259
299
296
270
264
293
275
253
279
277
240
294
228
243
244
261
260
243
246
223
232
272
290
272
297
279
327
291
289
280
308
321
330
317
343
335
355
347
362
378
385
402
441
471
471
477
530
442
467
479
463
503
496
500
455
513
549
579
609
616
610
641
759
804
1020
1503
2005
3698
6805
2716
