1
3
4
13
24
56
129
290
3396
2539
2221
1838
1304
977
831
786
747
700
679
717
716
729
901
1055
921
861
860
851
795
790
800
770
755
798
731
743
752
788
796
755
760
769
770
832
1007
1029
1042
1029
1043
1053
1092
1087
1199
1275
1345
1497
1532
1437
1463
1476
1591
1527
1497
1446
1473
1570
1437
1231
1232
1206
1129
1134
1098
1063
1008
1117
1031
1030
1027
1089
1057
1006
1007
989
926
881
951
913
819
819
845
849
854
825
817
801
812
782
855
829
837
779
841
892
817
830
842
888
829
902
821
880
883
899
927
877
789
767
802
803
816
782
713
717
725
696
656
600
575
583
535
598
523
566
550
585
568
521
487
520
517
541
509
509
489
474
440
457
418
428
415
415
392
416
401
382
403
396
398
425
397
435
378
332
341
345
308
327
313
274
296
271
212
250
275
273
252
245
248
227
221
238
232
257
209
197
212
234
208
195
209
175
217
185
183
200
208
186
156
176
187
166
149
176
180
170
157
156
159
158
152
167
160
155
147
143
154
153
158
146
150
156
137
145
151
133
156
125
131
158
167
147
123
133
111
110
109
114
110
108
121
137
173
265
266
330
294
71
1
0
1
0
0
0
0
0
