0
0
0
0
0
0
0
0
0
0
0
0
0
0
0
0
0
0
0
0
0
0
0
0
0
0
0
0
0
0
0
0
0
0
0
0
2
1
1
2
4
7
14
12
16
36
58
71
106
152
165
244
262
381
401
398
517
527
644
647
641
655
664
633
670
622
685
689
649
617
676
597
640
608
618
655
557
634
613
588
647
614
564
579
606
541
630
593
566
569
566
554
604
625
569
588
578
599
657
656
661
641
658
641
679
651
626
622
656
667
638
637
607
737
630
636
629
680
627
689
650
664
601
663
665
673
723
682
681
758
787
859
949
1018
1042
1018
1051
1018
999
972
983
1023
912
909
937
887
917
988
963
960
900
962
895
947
944
971
1048
969
1011
1001
1117
1007
1065
1080
1043
1051
1063
1082
1032
1090
1008
1072
1085
1035
1030
1080
1003
991
959
1005
990
902
889
874
896
805
845
797
762
780
844
806
731
773
810
742
727
760
688
664
649
633
595
592
589
610
579
583
511
525
501
513
486
486
528
510
518
503
537
514
492
487
442
496
475
442
461
443
409
519
434
418
423
428
481
406
436
471
479
556
454
508
512
395
424
469
434
337
351
353
356
435
470
622
1220
12022
