0
0
0
0
0
0
0
0
0
0
0
0
0
0
0
0
0
0
0
0
0
0
0
0
0
0
0
0
0
0
1
1
1
0
2
3
5
15
28
53
99
198
344
377
406
428
440
493
517
573
528
572
620
658
691
707
750
767
793
805
797
824
904
893
1031
934
1066
999
1063
1083
1048
1106
1050
1183
1143
1111
1243
1256
1226
1245
1351
1370
1372
1428
1433
1467
1552
1538
1603
1568
1596
1661
1608
1688
1663
1636
1748
1702
1668
1684
1762
1772
1764
1808
1812
1855
1786
1755
1771
1775
1757
1709
1704
1638
1679
1692
1696
1712
1659
1590
1717
1638
1555
1570
1473
1492
1471
1432
1441
1390
1364
1375
1287
1214
1229
1191
1191
1167
1087
1120
1126
1065
1019
935
884
845
864
787
763
766
725
679
645
626
599
616
571
533
496
511
502
467
442
458
410
392
363
349
364
369
335
339
329
301
294
283
252
277
231
249
251
221
219
218
189
180
181
187
200
186
154
154
158
147
155
145
137
137
118
140
133
116
125
111
100
111
97
87
101
86
89
74
76
95
79
77
71
66
72
57
53
62
53
62
64
52
41
41
54
48
54
45
42
36
52
35
48
42
43
40
53
55
40
37
34
39
39
36
38
45
31
36
43
19
12
0
