0
0
0
0
1
1
1
2
1
0
2
3
5
8
17
10
32
31
36
31
60
57
79
91
97
127
134
159
183
212
253
238
249
285
266
278
311
290
350
375
419
457
463
458
418
393
377
384
350
314
367
361
375
414
378
472
431
485
523
463
518
467
487
499
540
553
520
568
598
616
702
649
638
660
651
727
727
688
737
802
776
840
852
844
861
949
927
956
899
937
1003
1001
1058
1022
1029
1026
1093
1050
1116
1046
1065
1092
1087
1019
1046
1021
999
963
981
944
930
873
887
916
924
918
1088
1323
1464
1401
1720
1865
1813
1505
1399
1433
1297
1251
1301
1389
1214
1241
1197
1219
1252
1196
1229
1280
1284
1263
1326
1416
1510
1470
1547
1511
1522
1481
1577
1635
1705
1651
1793
1855
1993
2028
2000
1956
1930
1934
1866
1862
1787
1721
1569
1109
837
696
514
350
286
274
255
260
278
225
222
199
214
234
216
224
209
174
195
183
175
161
150
151
181
155
171
148
152
145
138
137
148
132
117
111
137
152
130
130
133
127
144
125
108
125
142
98
110
116
124
124
109
126
134
122
114
119
105
116
109
107
113
118
115
109
124
129
127
111
115
133
135
102
120
126
127
113
106
144
166
205
235
333
402
564
834
775
721
144
