1
0
1
2
5
8
9
13
14
26
55
174
301
430
506
620
669
542
490
443
388
456
416
373
380
331
330
301
270
298
277
244
255
250
246
267
266
234
200
234
229
235
243
242
296
272
268
287
284
250
306
300
303
350
378
441
502
551
642
648
639
606
620
579
550
566
536
542
530
477
453
436
414
410
407
382
349
294
298
315
290
273
268
312
279
302
275
288
263
303
311
302
334
328
350
364
342
312
348
336
315
344
370
352
340
376
385
341
400
358
377
381
344
335
354
376
340
365
391
362
382
380
431
412
401
448
475
457
476
473
487
508
480
519
515
490
512
530
502
525
490
568
554
535
579
570
555
569
608
576
553
539
568
572
585
577
550
546
590
566
622
649
601
630
655
662
635
690
672
686
697
767
805
862
861
857
912
951
992
937
911
945
965
984
971
976
1010
934
958
959
977
977
985
1041
1022
1076
1139
1108
1132
1254
1198
1237
1276
1342
1311
1325
1426
1392
1333
1315
1370
1308
1267
1246
1184
1190
1165
1066
1060
1054
1018
964
995
933
993
924
903
809
847
834
740
711
720
714
670
704
778
778
823
913
829
746
879
984
732
1275
2064
1587
1329
1526
3621
339
164
110
102
17
