0
0
0
0
0
0
0
0
0
0
0
0
0
0
0
0
0
0
0
1
7
18
47
117
306
808
6724
13126
4784
2954
2058
1311
961
665
545
415
394
308
326
295
271
241
241
253
272
233
215
195
209
214
209
193
187
203
176
214
216
231
234
218
272
278
325
386
417
531
664
712
874
1145
1520
1878
2328
2583
3248
4011
5067
6441
9258
13057
14341
15224
14862
8007
2428
1008
610
382
220
181
156
109
89
77
64
58
42
53
51
40
25
40
20
19
31
22
14
15
17
15
16
13
10
6
9
6
4
5
3
3
1
4
3
3
1
2
0
0
1
0
2
0
1
1
1
0
1
0
0
1
2
1
1
1
1
1
0
0
0
0
1
0
1
0
0
2
0
0
0
0
0
0
0
1
1
0
0
0
0
0
0
0
1
0
0
1
0
0
0
0
0
0
0
1
3
1
0
0
0
1
0
1
2
0
0
0
2
0
1
1
1
0
0
1
1
0
1
1
1
0
1
0
0
0
0
0
0
2
2
1
1
0
1
0
1
0
0
0
0
1
0
0
0
1
2
0
0
1
0
0
2
1
2
2
1
4
0
4
2
5
8
18
31
59
205
102
