0
0
0
0
1
1
8
16
23
25
52
62
78
91
109
136
139
125
134
128
124
123
123
135
140
166
210
172
182
188
209
195
228
258
268
251
227
211
239
272
249
247
267
279
328
373
366
428
473
479
479
488
489
498
490
412
341
321
271
235
160
141
84
70
50
79
64
59
65
51
60
60
61
54
70
74
56
64
60
67
78
70
69
75
69
67
92
93
103
115
103
117
134
155
160
181
216
318
413
529
521
569
649
751
797
831
908
922
991
1202
1183
1126
1273
1238
1169
1129
1056
968
1135
1313
1365
1377
1531
1704
1955
1901
1824
1904
1851
1711
1571
1574
1655
1787
2097
2307
2657
3412
3726
3995
3253
2233
1329
697
294
146
110
102
98
75
74
79
52
74
63
55
50
65
76
114
112
132
166
174
182
182
193
191
243
237
276
292
282
348
315
340
358
353
384
407
411
433
501
507
470
518
470
590
617
566
664
614
589
659
766
713
740
723
767
802
821
827
809
853
834
830
951
979
955
962
1069
1167
1158
1149
1065
1105
1135
1028
1070
1001
1063
1141
924
946
991
1018
958
949
985
1029
900
805
864
826
712
590
536
563
542
555
543
465
535
578
704
856
947
713
1009
857
747
1007
824
763
1058
1001
