0
0
0
0
3
7
57
571
1647
1944
1340
980
862
734
836
684
573
618
612
608
594
563
617
515
564
581
561
614
568
559
609
579
652
665
599
690
643
642
675
642
685
722
711
735
717
788
787
785
775
724
749
743
753
673
726
718
672
751
721
723
733
807
746
792
744
839
807
843
913
895
912
979
992
1080
1158
1123
1137
1102
1140
1091
1073
1128
1069
1083
1021
982
981
914
894
883
828
867
790
773
869
781
790
727
760
749
744
726
710
644
719
668
671
668
674
678
669
706
719
705
709
704
739
760
837
769
793
778
854
785
779
859
829
816
797
817
812
744
785
728
710
784
739
733
732
754
702
669
694
663
715
683
777
718
755
725
731
711
786
775
778
782
774
757
840
782
754
806
792
839
773
800
773
778
730
782
785
691
687
693
685
609
589
575
523
493
442
440
395
429
405
381
400
370
374
345
369
377
366
349
394
363
321
367
371
366
361
384
409
435
410
441
419
412
424
405
385
395
371
345
336
334
270
246
249
215
176
187
156
142
148
139
141
124
140
131
151
129
155
151
139
135
141
125
128
151
140
160
159
147
145
124
112
103
101
121
161
179
218
230
59
1
