0
0
0
0
0
0
0
0
0
0
0
0
0
0
0
0
0
0
0
0
0
0
0
1
0
3
12
33
63
93
114
185
182
203
186
175
209
226
260
323
328
312
310
267
302
336
313
313
338
359
340
392
391
416
468
475
515
602
645
635
654
675
767
750
747
797
786
795
861
915
907
889
944
1035
1029
1080
1103
1068
1110
1102
1109
1121
1092
1143
1103
1075
1105
1087
1061
1076
1080
1109
1102
1096
1063
1052
1084
1067
1046
1055
1047
1086
1085
1044
1005
1054
1014
1009
1030
1004
977
940
896
929
903
943
912
868
888
913
867
858
881
869
844
816
856
839
813
764
831
778
852
832
787
801
837
826
799
822
812
757
809
770
768
796
783
802
814
833
758
783
771
819
735
832
772
764
764
713
723
806
735
702
758
758
715
680
682
694
713
735
648
663
689
672
666
666
705
644
652
579
655
632
638
617
589
597
597
570
596
567
555
553
578
560
622
544
556
521
600
543
539
481
493
515
457
535
493
521
468
460
462
432
433
457
425
416
435
431
474
496
490
506
500
521
574
533
488
496
485
441
450
446
424
413
370
413
399
358
343
337
315
306
317
304
321
370
367
370
376
466
555
942
1430
738
