0
0
0
0
0
0
0
0
0
0
0
0
0
0
0
0
0
0
0
0
0
0
0
0
0
0
0
0
0
0
0
0
0
1
1
4
3
5
6
10
9
17
29
34
39
58
98
171
314
411
567
586
671
725
733
673
775
798
858
959
1021
1056
1113
1146
1203
1175
1163
1186
1201
1167
1177
1160
1229
1179
1289
1213
1222
1283
1246
1225
1221
1184
1184
1165
1165
1138
1142
1153
1158
1165
1171
1189
1216
1239
1355
1372
1475
1457
1475
1645
1701
1782
1801
1883
1985
2097
2038
2091
2096
2161
2330
2321
2270
2320
2305
2147
2219
2153
2276
2205
2186
2276
2094
1999
1868
1821
1783
1744
1652
1527
1383
1349
1210
1172
1037
1013
902
846
864
806
791
771
710
688
654
640
581
588
527
560
504
542
520
533
465
489
453
410
378
366
376
296
284
280
251
258
212
217
194
160
164
213
170
158
183
165
159
149
158
129
120
129
125
112
126
120
110
110
107
114
113
92
108
92
107
88
71
98
81
94
88
90
77
84
77
88
85
87
87
75
82
70
82
69
81
73
75
81
81
76
73
82
82
67
69
70
69
63
80
76
70
76
79
73
73
85
87
73
79
93
80
86
87
83
70
94
87
111
111
195
313
577
1072
1153
481
20
