0
0
0
0
0
0
0
0
0
0
0
0
0
0
0
0
0
0
0
0
0
0
0
0
0
0
0
0
0
0
0
0
0
0
0
0
0
0
0
0
0
0
0
0
0
0
0
0
0
0
0
0
0
0
0
2
1
0
2
1
4
3
15
10
11
22
28
53
62
73
73
108
108
120
134
158
168
190
185
224
211
271
246
229
300
267
321
365
327
356
372
450
464
490
522
612
573
654
723
734
841
868
971
1030
1106
1234
1285
1325
1380
1467
1576
1583
1609
1695
1704
1729
1728
1709
1700
1651
1506
1417
1423
1333
1198
1127
1150
1077
1040
1061
1114
1033
971
966
859
848
822
718
695
736
673
644
660
634
575
585
576
495
552
509
520
508
447
484
508
516
543
593
729
771
771
791
732
689
610
570
525
532
508
520
540
529
514
484
507
545
528
475
443
458
449
433
458
439
423
460
472
434
463
476
509
480
443
437
477
492
503
527
538
508
513
524
512
491
471
469
532
508
483
491
476
548
522
629
594
643
654
683
709
649
683
679
664
665
675
712
698
745
763
751
820
726
735
708
685
690
712
699
760
722
740
730
737
703
766
794
868
939
1141
1404
2023
3457
3730
3643
4857
10735
