0
0
0
0
0
0
0
0
0
0
0
0
0
0
0
0
0
0
0
0
1
8
15
14
34
62
84
157
242
330
419
395
385
380
384
408
395
473
486
513
561
549
688
719
688
774
799
903
917
936
919
970
1015
1034
957
976
1005
1070
1054
1051
1098
1074
1080
1066
1083
1052
1088
1049
1108
1100
1061
1071
1123
1081
1070
1014
1061
1017
1035
1029
1009
1039
1004
969
990
1020
975
950
978
991
949
985
952
976
940
928
917
883
893
857
850
847
889
764
786
821
818
802
725
681
650
685
639
613
614
592
559
595
525
535
504
495
521
512
552
585
625
666
644
660
643
591
605
709
874
980
1150
1273
1284
1158
1164
1048
1138
1185
1196
1313
1540
1620
1858
2306
2673
2620
2639
2509
2616
2713
2560
2588
2549
2431
2100
1966
1794
1758
1507
1282
1133
984
853
673
558
460
384
326
309
256
207
257
208
190
172
182
157
138
132
108
104
111
128
101
86
83
76
85
73
57
69
61
77
85
66
73
81
60
62
99
60
62
71
85
74
75
80
73
74
77
68
76
80
85
84
72
87
73
60
56
50
61
32
42
43
40
33
30
37
35
32
35
26
21
13
23
10
7
2
2
0
1
1
0
0
0
0
0
0
0
