0
0
0
0
0
0
0
0
0
0
0
0
0
0
0
0
0
0
0
0
0
0
0
0
0
0
0
0
0
0
0
0
0
0
1
5
40
250
658
898
1200
1411
1516
1873
2231
3027
3187
3069
2812
3178
3289
3259
3443
3620
3835
4000
4016
3847
3462
3052
2937
2755
2514
2608
2827
2736
2657
2565
2472
2369
2182
1976
1751
1621
1572
1647
1698
1745
1656
1557
1513
1548
1465
1460
1481
1557
1483
1426
1444
1335
1242
1250
1191
1205
1167
1098
1070
983
873
855
871
815
739
656
655
616
587
622
607
554
595
613
603
614
615
564
508
524
446
436
468
424
411
389
419
361
374
414
318
341
310
313
280
282
252
223
215
167
179
143
147
167
142
135
125
136
103
104
88
77
78
76
55
67
72
76
55
77
57
63
70
68
54
56
58
47
43
55
58
47
41
43
39
39
46
43
36
45
49
41
43
45
43
47
49
39
32
34
55
37
35
32
25
27
32
23
26
26
11
21
25
12
11
16
10
5
7
3
3
2
2
1
4
0
2
3
2
1
2
2
3
5
4
3
1
0
1
0
5
2
0
0
2
3
1
2
4
5
0
1
3
7
8
7
16
36
34
45
80
101
93
94
112
206
398
253
