0
0
0
0
0
0
0
0
0
0
0
0
0
0
0
0
0
0
0
0
0
0
0
0
0
0
0
0
0
0
0
0
0
0
0
0
2
2
2
14
58
207
478
681
972
1178
1492
1650
1702
1714
1610
1593
1390
1375
1374
1247
1194
1107
969
965
915
805
721
635
635
575
535
494
515
514
455
437
433
451
343
391
363
327
359
375
337
396
378
367
376
356
406
361
370
395
398
378
407
387
402
370
338
391
333
292
338
355
325
351
325
349
312
320
284
284
294
312
310
313
338
321
352
356
365
386
391
449
480
484
484
528
551
570
647
705
748
816
845
941
834
943
935
929
942
926
929
996
1008
929
917
919
902
1003
1126
1087
1139
1165
1213
1201
1230
1258
1247
1377
1339
1293
1288
1324
1285
1332
1566
1471
1554
1694
1805
1790
1878
1865
1748
1739
1736
1740
1543
1428
1284
1300
1187
1240
1275
1262
1276
1247
1275
1212
1273
1286
1209
1187
1138
1087
988
969
870
853
756
806
782
751
758
789
759
709
690
670
588
573
515
466
427
414
382
331
336
332
291
300
268
208
171
154
108
110
111
101
78
80
97
96
99
81
94
101
117
126
98
128
145
136
159
161
153
166
220
274
531
928
501
217
46
1
0
0
