0
0
0
0
0
0
0
0
0
0
0
0
0
0
0
0
0
0
0
0
0
0
0
0
0
0
0
0
0
0
0
0
0
0
0
0
0
0
0
0
0
0
0
0
0
0
0
0
0
0
0
1
5
6
11
19
26
38
56
76
137
139
152
208
202
192
217
266
287
276
236
252
268
229
247
268
259
254
275
270
283
341
371
411
468
515
571
620
710
739
730
802
819
863
875
906
993
957
1019
1087
988
1036
1097
1064
1040
1087
1127
1019
1052
1004
1025
943
939
918
914
884
837
778
798
680
669
559
511
451
419
373
363
313
284
253
269
241
219
161
208
170
176
163
139
124
137
120
99
113
137
128
143
147
175
216
190
213
253
293
307
276
258
295
349
322
380
387
454
479
505
614
694
696
760
751
789
905
901
974
1000
993
1057
1093
1129
1091
1222
1189
1230
1224
1207
1185
1264
1201
1224
1255
1230
1262
1285
1227
1259
1314
1285
1315
1451
1468
1445
1552
1563
1624
1725
1648
1828
1779
1775
1670
1722
1714
1808
1637
1599
1646
1563
1496
1409
1390
1276
1212
1175
1130
1019
1034
991
952
960
913
983
1026
1032
987
939
935
910
915
885
863
797
832
795
830
887
828
757
807
846
1054
1093
1304
953
433
88
0
