0
0
0
0
0
0
0
0
0
0
0
0
0
0
0
0
0
0
0
0
0
0
0
0
0
0
0
0
0
0
0
0
0
0
0
0
0
0
0
0
0
0
0
0
0
0
2
3
8
26
32
35
35
58
99
162
228
277
292
282
327
340
322
340
370
384
430
456
509
552
568
526
586
617
571
667
636
612
644
585
656
564
624
558
546
590
566
563
585
501
513
543
529
553
534
520
476
542
495
486
473
512
527
501
522
512
498
542
509
475
492
540
528
548
532
537
492
500
500
517
457
481
472
488
479
455
485
430
434
421
407
388
351
389
341
336
320
348
334
322
320
321
297
296
295
278
230
246
215
230
224
200
214
206
214
193
201
196
214
186
166
216
181
168
177
174
186
183
166
157
170
184
175
177
197
185
207
201
176
209
200
198
214
178
207
202
256
356
392
372
423
430
419
446
390
456
461
564
618
640
660
752
764
806
834
953
973
1074
1147
1191
1282
1267
1369
1374
1479
1477
1661
1719
1778
1937
2110
2206
2449
2403
2468
2515
2380
2396
2313
2178
2119
1955
1907
1765
1795
1728
1795
1983
2159
2069
2215
1885
1854
2277
2471
2624
2586
2372
2481
3058
2063
1853
988
843
717
151
