0
0
0
0
0
0
0
0
0
0
0
0
0
0
0
0
0
0
0
0
0
0
0
0
0
0
0
0
0
0
0
0
2
1
4
6
11
23
34
56
67
105
141
155
218
209
258
283
252
278
311
288
292
278
315
288
302
294
280
318
285
296
303
310
295
329
317
328
341
313
296
335
308
343
348
304
326
355
338
342
349
351
379
367
372
371
360
349
403
355
408
403
424
402
477
444
479
473
442
494
480
514
605
582
611
675
752
809
914
955
1020
1044
1171
1167
1322
1357
1412
1378
1518
1578
1633
1714
1636
1763
1711
1767
1755
1776
1786
1729
1661
1574
1499
1413
1264
1140
1112
1092
989
879
903
793
694
694
631
587
538
481
429
464
395
393
313
298
346
283
284
266
297
299
327
324
352
389
408
447
452
494
579
572
644
682
637
734
765
876
964
1161
1348
1624
1809
1922
1880
1911
1867
1662
1724
1830
1950
2078
2098
2248
2438
2366
2894
2943
3066
3301
2573
2485
2664
2673
2748
2445
2349
2103
896
253
95
48
57
38
41
28
34
28
31
27
16
19
18
12
21
12
13
14
11
8
3
9
4
5
4
1
8
6
5
9
6
8
7
0
1
4
2
2
4
2
2
3
9
9
9
14
11
0
