0
12
29
42
107
119
168
169
145
148
155
164
153
146
164
191
168
212
191
176
212
221
224
238
239
280
264
275
322
317
321
334
365
363
403
418
444
401
393
440
455
458
515
575
535
526
540
529
509
471
481
475
467
422
476
421
423
467
443
475
487
520
498
461
509
434
436
458
458
442
441
404
487
452
414
424
437
407
441
460
415
428
444
482
416
435
428
437
441
470
439
464
441
470
448
491
495
460
448
479
525
514
549
556
579
615
587
633
613
685
659
650
668
687
724
779
842
890
921
980
1086
1284
1432
1568
1698
1868
1948
2168
2426
2596
2924
2955
2976
3054
3250
3286
3536
3699
4105
4442
4684
4791
4713
4542
4147
3776
3223
2715
2375
2044
1746
1461
1244
1071
952
808
707
567
516
438
435
377
382
313
253
225
193
173
167
138
126
124
111
69
67
48
53
56
47
37
41
38
31
40
39
40
42
35
32
35
25
22
19
27
34
18
19
23
26
29
21
22
16
18
23
15
12
24
9
10
17
7
10
11
18
20
14
14
9
18
9
14
7
12
9
8
9
10
13
7
7
11
9
7
12
12
11
13
7
13
15
14
6
14
18
14
17
16
31
37
55
58
77
46
73
19
