0
0
0
0
0
0
0
0
0
0
0
0
0
0
0
0
0
0
0
0
0
0
0
0
0
0
0
0
0
0
0
0
1
1
0
1
2
13
35
37
66
613
2680
1256
1010
713
681
558
511
505
497
448
423
442
386
389
332
369
330
310
342
333
301
320
330
335
315
337
282
305
311
298
318
355
364
382
351
436
426
447
431
484
470
475
543
584
588
646
658
687
704
786
751
775
881
834
891
954
922
1026
982
1027
1088
1061
1117
1164
1198
1178
1231
1191
1249
1284
1303
1295
1286
1332
1394
1376
1412
1453
1403
1399
1406
1484
1406
1482
1412
1429
1387
1445
1372
1438
1346
1390
1372
1361
1359
1394
1318
1383
1353
1359
1354
1312
1358
1304
1205
1234
1238
1180
1206
1115
1140
1145
1132
1145
1138
1070
1107
1068
1071
1024
1057
1036
1019
1058
947
964
923
941
932
910
918
837
827
841
840
848
846
819
752
763
742
761
724
750
764
714
700
725
655
733
728
738
754
766
798
860
798
793
761
691
716
593
538
509
457
417
347
332
311
273
267
244
226
218
164
200
188
150
158
133
128
146
122
125
115
103
111
84
97
81
89
99
77
83
80
75
73
69
61
63
71
66
59
43
75
66
52
48
56
28
26
4
0
0
