0
0
0
0
0
0
0
0
0
0
0
0
0
0
0
0
0
0
0
0
0
0
0
0
0
0
0
0
0
0
0
0
0
0
0
0
0
0
0
0
0
1
8
158
587
853
633
530
444
475
525
524
584
605
655
724
667
697
689
673
687
622
597
644
707
654
651
656
616
631
710
671
683
672
705
787
770
727
819
803
796
847
858
918
874
974
954
1042
1002
975
1020
1073
1062
1084
1119
1215
1278
1284
1332
1343
1383
1428
1468
1484
1435
1414
1353
1300
1276
1161
1074
1040
971
908
829
860
869
800
801
753
771
800
784
839
768
861
849
912
907
960
957
978
959
985
955
884
864
809
765
779
688
684
592
623
613
552
554
550
505
494
493
466
524
494
514
580
594
676
637
658
688
718
766
855
833
875
965
1034
1159
1261
1342
1428
1568
1661
1699
1777
1796
1767
1750
1713
1631
1586
1452
1383
1172
1034
902
778
664
610
634
488
488
482
442
424
406
414
381
379
352
352
325
334
313
323
311
278
254
271
273
251
293
265
306
303
300
269
278
300
295
332
314
348
325
360
350
351
406
334
399
365
424
415
380
360
314
357
293
324
273
281
280
250
281
238
223
262
263
271
250
320
241
122
63
3
