0
26
70
136
280
2275
3657
4839
1344
828
777
625
634
552
570
504
450
447
439
463
452
492
507
566
555
666
673
686
733
844
893
969
1072
1260
1559
1656
1696
1747
1782
1712
1818
1832
1907
1975
1981
1930
1890
1912
1941
1934
1851
1773
1732
1730
1647
1506
1546
1404
1377
1315
1333
1234
1231
1191
1097
1073
1003
977
951
936
858
843
862
754
718
694
723
657
644
625
558
596
580
532
536
533
565
469
492
500
473
474
460
446
416
440
408
422
417
375
370
378
357
393
371
366
353
336
322
317
356
335
297
308
306
302
294
262
277
295
282
235
266
244
263
216
243
228
237
236
215
195
237
234
230
250
237
227
204
210
214
215
202
214
197
210
217
197
188
230
202
208
194
204
196
195
219
202
184
222
204
210
191
192
181
171
179
193
186
183
185
176
194
211
184
183
205
180
194
162
197
197
203
203
183
159
192
185
187
180
196
141
171
209
182
175
171
188
193
188
201
191
192
186
182
188
199
154
186
190
191
207
180
191
169
203
253
203
197
212
195
180
196
215
223
215
220
220
216
208
203
217
242
202
219
210
241
232
219
241
237
237
255
223
256
250
266
281
320
326
470
789
1347
2724
6794
6046
