0
0
0
0
0
0
0
0
0
0
0
0
0
0
0
0
0
0
0
0
0
0
0
0
0
0
0
0
0
0
0
0
0
0
0
0
0
0
0
4
7
16
29
21
21
39
22
6
7
6
5
9
10
18
14
16
19
22
24
10
20
22
16
21
25
26
26
31
25
32
32
26
36
36
48
49
66
78
78
100
102
113
99
129
129
118
160
133
166
188
247
324
325
345
357
349
374
371
376
382
415
379
482
486
487
530
627
719
698
763
756
761
710
775
850
903
958
931
923
868
985
908
896
951
898
898
921
1057
967
889
918
912
895
938
1009
897
916
902
925
1032
1061
1087
1138
1197
1275
1308
1423
1361
1325
1334
1410
1454
1628
1837
1741
1805
1820
1781
1830
1664
1781
1796
1838
1823
1760
1770
1759
1845
1856
1723
1822
1752
1792
1828
1906
1883
1841
1967
2081
2100
2081
2250
2227
2185
2076
2035
1992
1932
1829
1885
1885
1718
1738
1590
1550
1439
1321
1324
1189
1148
1075
1021
936
869
846
865
785
767
698
638
602
493
467
430
378
320
301
275
263
228
225
195
223
155
137
111
91
102
72
45
44
40
29
32
21
16
16
17
20
12
14
15
16
16
12
17
6
5
4
0
0
0
0
0
0
0
