0
0
0
0
0
0
1
2
3
4
4
10
23
35
71
172
234
214
435
592
786
953
920
842
777
715
637
584
534
540
517
495
539
496
512
473
476
430
380
415
398
353
362
376
387
359
409
406
457
499
517
520
513
558
532
604
602
632
611
680
680
683
730
802
821
886
973
952
1109
1191
1091
1324
1462
1621
1548
1612
1697
1762
1897
2012
2030
1913
1939
2085
2129
2075
1986
2178
2131
2096
2255
2185
2136
2214
2029
2076
2019
2034
1999
2010
1894
1894
1876
1815
1716
1693
1589
1557
1525
1407
1391
1279
1218
1203
1112
1121
1022
1031
942
979
947
812
841
803
785
777
767
768
757
710
689
658
665
682
603
569
583
535
522
492
462
448
423
427
419
401
373
370
335
331
297
318
278
285
254
244
233
236
242
197
220
222
197
198
178
197
180
173
177
161
147
150
157
144
152
143
164
147
127
134
135
110
127
118
131
120
99
142
117
124
133
110
114
108
117
121
101
103
111
101
89
99
101
90
96
96
100
112
103
86
97
91
92
103
91
79
83
75
86
60
74
76
100
85
65
90
87
79
91
68
88
90
86
73
73
88
85
100
103
100
111
149
206
246
232
180
175
189
260
348
563
764
820
668
727
753
