0
0
0
0
0
0
0
0
0
0
0
0
0
0
0
0
0
0
0
0
0
0
0
0
0
0
0
0
0
0
0
0
0
0
0
1
2
8
11
35
81
211
510
1866
5360
6050
4768
3602
2856
2547
2384
2264
2229
2293
2150
1967
1825
1666
1450
1390
1410
1276
1230
1209
1207
1202
1137
1202
1161
1181
1155
1133
1030
1084
1004
989
997
979
1020
1030
984
966
907
939
960
981
927
897
907
897
913
871
926
881
893
927
869
882
892
891
839
888
862
869
825
848
904
854
880
890
828
862
837
819
761
833
830
895
982
951
844
890
816
789
767
768
724
697
695
690
684
644
573
615
608
572
603
546
550
611
532
569
521
555
549
494
548
482
496
546
576
508
524
478
495
468
457
482
419
439
407
408
435
423
420
443
400
403
395
369
360
361
366
315
316
331
289
291
294
284
290
261
277
232
255
210
214
225
225
199
221
208
205
211
212
186
196
203
187
188
179
203
180
179
179
166
191
170
170
153
166
168
164
170
178
155
173
162
139
171
154
153
127
140
138
130
138
145
144
136
148
126
131
135
137
110
140
137
141
122
120
126
106
152
142
163
148
163
179
201
297
537
955
1359
1435
902
