0
0
0
0
0
0
0
0
0
0
0
0
0
0
0
0
0
0
0
0
0
0
0
0
0
0
0
0
0
0
0
0
0
0
0
0
0
0
0
0
0
0
0
0
0
1
2
1
2
15
28
49
45
80
117
156
253
377
449
575
595
822
908
972
1000
1001
1081
1028
997
991
1019
1087
994
963
1043
1112
1075
1187
1169
1266
1350
1298
1406
1476
1570
1569
1536
1610
1519
1634
1703
1865
1959
2037
1952
1893
1798
1880
1830
1843
1794
1855
1877
1650
1558
1363
1309
1134
977
961
948
842
747
749
756
679
613
648
662
619
656
586
572
526
560
535
490
463
379
365
302
270
200
117
125
86
76
63
62
65
73
71
76
94
115
131
146
164
190
232
301
332
445
512
536
585
571
611
645
663
661
664
636
633
700
659
628
684
601
593
610
617
572
627
597
647
563
592
609
642
622
649
689
642
646
658
689
615
592
609
609
610
678
645
666
685
653
702
682
680
709
654
666
729
684
688
799
728
757
778
793
842
812
962
921
965
1076
1036
1204
1198
1379
1447
1706
1912
2129
2303
2678
2505
2087
1425
673
209
35
18
14
8
16
20
8
11
11
12
16
10
11
13
17
38
73
103
37
0
0
0
0
0
