0
0
0
0
0
0
0
0
0
0
0
0
0
0
0
0
0
0
0
0
0
0
0
0
0
0
0
0
0
0
0
0
0
0
0
0
0
0
2
4
15
43
119
156
193
216
236
334
328
366
451
606
651
736
785
731
711
717
833
868
895
825
781
771
765
764
762
724
809
788
802
863
903
906
960
980
947
909
907
861
901
808
751
718
695
683
592
626
620
592
559
584
627
596
599
589
585
553
573
538
535
542
532
527
555
503
460
483
504
497
483
476
500
476
431
469
422
421
410
376
417
400
384
417
395
401
388
385
393
435
397
415
374
396
391
396
403
365
376
376
399
363
388
386
393
454
425
418
465
465
472
457
488
431
484
503
449
474
450
446
466
499
501
467
509
463
549
494
525
567
518
590
588
564
574
641
648
592
635
697
692
655
727
770
850
905
931
966
1069
1044
1180
1208
1300
1479
1515
1638
1753
1775
2004
2034
2218
2247
2533
2520
2682
2729
2816
2905
2729
2864
2714
2521
2598
2452
2423
2145
2050
1641
1555
1301
1092
915
766
683
423
409
306
262
176
145
99
83
75
50
48
44
48
37
30
21
26
23
28
21
18
22
19
25
23
27
19
22
18
17
23
5
