0
0
0
0
0
0
0
0
0
0
0
0
0
0
0
0
0
0
0
0
0
0
0
0
0
0
0
0
0
0
0
0
0
0
0
0
0
0
0
0
0
0
0
0
0
0
3
3
4
10
21
36
55
105
144
227
259
343
431
543
625
759
940
927
980
1032
1129
1187
1213
1177
1227
1133
1138
1123
1102
1152
1180
1182
1201
1238
1181
1125
1172
1175
1208
1236
1446
1989
2452
2281
2060
1786
1455
1363
1215
1250
1391
1188
1113
1109
1028
1010
1021
879
949
833
843
850
771
732
712
723
775
713
688
799
746
803
763
762
809
781
788
796
774
795
850
790
833
849
850
834
855
881
899
855
867
904
941
988
941
897
1009
1021
1078
1070
1096
1131
1081
1161
1161
1196
1190
1219
1205
1162
1147
1173
1080
1152
1169
1099
1110
1113
1130
1069
1080
1051
1100
1093
1112
1038
1072
1089
1061
1085
1041
1032
982
1008
990
965
955
988
925
931
860
830
832
801
736
720
705
653
656
554
521
566
538
429
486
422
395
401
383
364
345
300
321
273
292
261
247
259
244
257
190
205
205
194
171
195
158
155
157
144
152
126
112
130
127
110
103
95
99
71
87
68
74
61
49
56
45
50
41
46
52
38
43
51
40
49
60
67
51
2
