0
0
0
0
0
0
0
0
0
0
0
0
0
0
0
2
9
22
34
66
101
255
476
1554
13041
5522
4029
2488
1938
1768
1895
1964
2329
2707
3358
4065
3112
3427
3355
3136
2421
1887
1775
1702
1664
1531
1631
1653
1815
1639
1810
1730
1948
2090
2130
2015
1757
1594
1610
1467
1481
1553
1408
1412
1344
1333
1180
1134
1098
1087
1027
951
903
858
828
759
719
709
686
742
639
654
603
658
617
644
617
589
574
561
558
565
540
520
556
537
537
563
518
533
526
535
497
537
510
463
439
456
494
492
454
484
463
434
433
438
429
419
398
382
398
381
439
442
493
494
397
352
374
318
300
298
310
308
278
281
272
255
225
225
208
211
218
211
187
209
177
180
214
186
194
187
186
158
191
137
180
152
162
149
138
141
141
143
108
124
129
113
120
105
108
111
94
104
102
112
85
79
100
74
73
72
91
76
70
69
72
89
84
59
53
57
61
76
77
54
45
58
49
48
43
47
50
41
47
44
39
53
41
44
38
28
36
37
22
30
23
30
29
34
29
29
31
26
28
22
25
21
21
19
20
27
36
47
40
36
31
31
25
24
23
16
22
29
16
21
20
11
10
16
11
23
27
39
75
17
