0
0
0
0
0
0
0
0
0
0
0
0
0
0
0
0
0
0
0
1
0
0
5
14
9
32
45
56
85
102
86
52
24
17
10
6
5
2
5
9
10
5
7
2
3
3
4
1
7
8
7
6
5
9
7
13
4
5
5
9
8
9
8
7
5
6
7
15
13
12
22
18
15
27
31
22
23
26
29
33
37
43
38
45
43
40
27
48
43
45
44
47
63
82
71
80
96
110
121
140
142
180
204
236
252
349
353
480
568
640
734
789
971
1080
1268
1440
1594
1828
2004
2156
2372
2537
2714
2949
3244
3362
3695
3933
4041
4162
4309
4389
4453
4519
4539
4647
4349
4390
4369
4287
4118
4079
3956
3867
3800
3572
3403
3197
3086
2854
2555
2398
2138
1915
1710
1469
1353
1080
947
800
695
543
526
397
335
302
227
198
158
144
110
96
72
66
64
55
52
43
32
38
35
26
34
18
23
14
22
10
15
14
16
9
9
9
14
9
15
10
11
9
11
11
12
14
7
12
8
13
10
9
12
7
11
6
6
11
6
12
13
15
9
10
13
5
25
40
55
43
39
24
18
15
11
6
3
7
4
4
7
5
6
3
3
6
4
10
6
6
18
14
36
45
40
41
26
4
