0
0
0
0
0
0
0
0
0
0
0
0
0
0
1
1
4
4
12
24
24
32
37
61
75
97
135
158
193
230
242
254
332
387
449
501
515
577
639
722
803
858
912
949
1038
1140
1178
1226
1244
1285
1316
1400
1415
1452
1451
1467
1485
1436
1433
1384
1323
1288
1294
1258
1170
1114
1089
1026
1063
1016
936
865
906
881
878
824
838
819
794
788
789
761
800
780
771
743
814
782
802
844
785
834
865
887
918
883
898
984
1004
1074
1123
1133
1175
1228
1317
1336
1439
1480
1640
1695
1730
1877
1882
1991
2012
2168
2199
2240
2322
2443
2457
2399
2391
2437
2352
2367
2382
2265
2153
2147
2004
1977
1786
1716
1642
1492
1323
1256
1133
1022
841
811
729
669
544
512
490
427
391
387
319
314
300
278
270
268
224
217
207
208
188
172
156
148
159
133
141
136
129
100
134
123
93
103
86
85
124
103
90
86
79
69
79
64
45
69
67
74
65
45
47
44
50
58
33
41
31
37
36
31
38
24
39
25
26
29
18
27
25
28
29
26
31
25
22
28
30
19
22
26
19
22
29
23
23
28
22
23
26
23
27
21
23
23
28
19
32
30
23
21
24
27
26
25
27
27
36
35
51
41
44
63
42
29
23
3
