0
0
0
0
0
0
0
0
0
0
0
0
0
0
0
0
0
0
0
0
0
0
0
0
0
0
0
1
3
2
5
10
30
47
82
134
255
406
633
1095
1851
2967
3689
3638
3353
3163
3000
2855
2848
2773
2708
2698
2694
2717
2726
2637
2536
2403
2370
2367
2383
2314
2232
2158
2126
2033
2088
1915
1933
1813
1788
1776
1618
1563
1477
1525
1562
1404
1325
1309
1342
1327
1253
1223
1164
1232
1087
1033
1013
994
1006
911
892
887
848
838
826
783
785
759
763
732
699
666
683
623
639
620
592
567
609
558
571
582
559
541
580
575
505
536
496
473
477
442
426
369
393
388
386
378
371
340
350
319
309
292
298
280
282
259
240
260
241
203
243
232
211
223
203
209
206
201
198
191
195
192
209
175
161
197
163
175
183
176
167
174
162
165
138
170
144
137
133
138
141
151
141
142
136
113
122
141
132
122
125
128
122
124
134
135
115
126
138
106
114
127
98
110
108
106
111
113
105
108
100
104
96
99
107
115
104
110
110
124
125
148
162
168
161
176
196
190
226
182
176
196
184
169
188
182
193
266
306
342
300
272
245
167
107
107
91
121
111
122
103
130
113
86
120
116
147
246
330
494
654
336
