0
0
0
0
0
0
0
0
0
0
0
0
0
0
0
0
0
0
1
0
0
0
2
2
9
11
19
29
26
40
76
94
138
146
143
154
151
143
157
159
174
196
205
262
264
308
302
369
405
445
536
564
590
607
650
761
776
858
880
938
937
1015
1118
1149
1219
1295
1306
1353
1478
1470
1487
1566
1639
1676
1626
1663
1706
1608
1719
1768
1674
1660
1689
1639
1706
1568
1616
1504
1484
1472
1445
1351
1357
1247
1280
1383
1302
1358
1307
1303
1207
1263
1352
1331
1308
1289
1372
1335
1297
1354
1313
1286
1308
1239
1149
1187
1141
1155
1110
1119
1020
997
984
1033
1010
943
955
927
964
872
899
867
823
825
696
730
766
702
701
709
697
707
695
697
748
699
702
751
724
767
817
742
833
831
809
837
784
783
721
794
782
794
743
764
731
751
695
657
664
636
618
646
568
556
597
562
516
551
501
526
490
476
455
499
487
456
444
396
401
413
374
384
353
318
325
307
332
272
238
244
265
200
192
186
194
176
149
151
128
141
133
119
115
128
101
99
93
99
87
83
67
43
64
52
52
47
32
40
45
32
35
38
35
28
30
34
32
26
29
26
31
43
51
50
80
104
106
124
198
222
318
358
382
408
272
97
