0
0
0
0
0
0
0
0
0
0
0
0
0
0
0
0
0
0
0
0
0
0
0
0
0
0
0
0
0
0
0
0
0
0
0
0
2
1
7
15
27
50
88
109
135
162
182
176
202
240
192
254
228
311
287
322
307
334
351
402
480
476
480
536
558
520
513
561
603
562
584
528
575
605
621
599
605
632
570
644
612
657
710
649
682
678
743
748
697
742
777
765
751
739
728
760
785
804
801
785
785
905
870
862
830
825
855
955
847
833
893
958
899
884
873
920
918
936
931
988
960
990
1006
944
979
1006
992
992
1022
1027
981
1069
1105
1030
1098
1128
1065
1081
1027
1078
1142
1111
1092
1131
1177
1166
1180
1147
1127
1226
1136
1227
1197
1176
1217
1136
1208
1228
1249
1158
1206
1232
1224
1158
1200
1183
1190
1196
1220
1158
1213
1191
1184
1153
1094
1127
1168
1084
1117
1130
1058
1060
1081
1094
1020
988
999
1019
956
884
878
854
864
797
763
763
789
760
694
711
724
694
676
607
612
616
569
543
508
513
475
484
446
442
445
420
423
368
375
356
353
337
323
314
293
303
323
292
309
290
285
252
241
277
231
259
279
250
247
239
225
255
240
228
216
233
215
242
252
314
423
520
566
498
440
54
