0
0
0
0
0
2
0
4
4
11
18
33
110
276
523
528
340
212
135
114
117
99
110
127
140
161
166
177
184
216
233
235
265
296
318
338
406
398
460
492
511
596
622
626
668
637
690
692
675
766
741
700
694
747
731
722
777
752
742
785
840
834
871
939
913
1007
971
1019
1050
1111
1112
1037
1058
1088
1037
1024
941
971
923
917
890
888
871
929
925
887
966
1052
1057
1114
1099
1143
1140
1237
1290
1318
1386
1406
1432
1455
1489
1650
1697
1798
1797
1953
1932
2054
2067
2081
2110
2045
1988
1950
1822
1744
1709
1599
1497
1503
1445
1510
1363
1372
1296
1302
1265
1282
1358
1244
1323
1244
1212
1278
1259
1232
1178
1252
1190
1154
1149
1138
1034
1026
983
989
963
915
889
856
875
818
835
784
778
711
712
674
680
626
597
567
549
510
509
468
478
438
388
380
382
357
327
299
301
276
263
242
218
237
227
191
203
202
199
156
183
152
163
142
140
128
126
125
129
105
97
111
81
78
88
65
61
67
49
63
37
38
38
31
28
25
16
18
14
12
14
12
11
7
5
4
10
7
2
1
1
2
0
2
0
0
0
0
0
0
0
0
0
0
0
0
0
0
0
0
0
0
0
0
0
0
0
0
0
0
