0
0
0
0
0
0
0
0
0
0
0
0
0
0
0
0
0
0
0
0
0
0
0
0
0
0
0
0
2
6
5
3
21
29
56
72
143
202
278
300
369
355
381
411
430
475
486
454
424
438
411
367
360
364
309
350
329
327
365
372
364
373
373
401
411
441
431
445
447
439
449
488
492
476
460
497
496
494
544
508
559
527
598
617
639
652
622
639
682
759
771
812
778
769
822
848
845
838
803
864
846
800
794
793
775
753
808
843
901
979
983
1059
1051
1098
1130
1259
1408
1409
1466
1628
1573
1600
1603
1596
1605
1556
1468
1395
1334
1239
1248
1120
1082
1003
871
834
764
712
684
627
591
529
455
475
344
341
294
288
248
217
185
155
159
155
130
136
145
98
104
106
101
105
119
100
100
88
99
101
97
84
94
94
114
95
90
83
105
122
112
88
125
127
131
163
169
201
267
308
425
483
534
741
772
795
921
1000
1015
1131
1228
1295
1333
1374
1344
1268
1185
1165
1129
1107
1037
936
813
719
659
546
572
604
762
1012
1093
1332
1467
1639
1727
1939
2328
2718
2985
2910
2552
2164
1976
1856
1686
1450
1386
1348
1559
1578
1555
933
146
37
30
43
30
39
26
34
41
54
44
46
29
11
4
0
