0
0
0
0
0
0
0
0
0
2
2
4
2
5
44
34
58
109
138
186
271
428
723
795
590
496
404
347
349
335
331
324
286
322
305
284
281
315
344
320
360
416
444
472
470
488
552
539
572
621
619
604
671
685
706
713
776
855
872
953
1067
1138
1447
1546
1840
2022
2224
2440
2407
2494
2562
2391
2383
2211
1968
2085
1968
2036
2028
2139
2042
2167
2113
2184
2226
2056
2153
2071
2017
2035
2040
1992
1930
1926
1822
1755
1569
1546
1436
1355
1282
1268
1147
1130
1044
1101
1009
989
929
917
884
898
858
858
789
701
709
663
626
559
609
563
566
566
555
495
512
549
535
522
554
540
467
469
499
439
447
452
450
438
426
429
414
432
397
401
430
400
395
414
441
447
488
473
502
490
518
539
578
576
648
652
634
597
586
547
560
546
509
492
490
473
417
432
402
363
346
358
333
349
288
297
291
297
304
267
264
277
225
242
218
207
226
204
172
171
170
160
156
133
135
119
116
106
101
97
109
90
92
81
74
75
58
58
50
48
52
58
45
47
34
44
38
31
33
26
42
31
29
20
24
22
20
17
26
23
19
13
15
17
13
18
19
19
11
10
15
18
14
15
18
27
40
98
175
22
