0
0
0
0
0
0
0
0
0
0
0
0
0
0
0
0
0
0
0
0
0
0
0
0
0
0
0
0
0
1
0
2
2
3
1
4
3
4
14
11
16
15
24
30
37
52
51
72
81
97
123
122
136
170
144
180
196
226
231
280
342
348
402
451
446
542
532
546
622
626
668
669
696
672
668
742
711
778
813
840
884
862
1002
982
969
1084
1103
1211
1247
1316
1293
1418
1478
1494
1593
1617
1710
1708
1758
1775
1772
1866
1924
1965
2016
1976
2049
2197
2160
2236
2175
2251
2365
2251
2427
2401
2268
2256
2344
2276
2209
2092
2060
2021
1960
1928
1883
1779
1733
1712
1589
1588
1572
1497
1392
1307
1286
1213
1202
1163
1101
1049
1028
952
935
898
827
776
773
696
676
633
601
567
530
509
530
470
508
474
403
393
366
415
380
345
337
326
295
289
263
228
223
191
199
176
167
150
163
142
145
131
129
123
108
94
73
79
83
70
72
70
68
68
67
46
49
52
50
43
47
43
46
40
36
46
44
26
26
19
25
19
19
11
5
10
14
6
9
11
9
12
9
6
4
1
3
5
2
2
8
2
3
3
4
2
7
3
3
4
0
2
4
2
2
2
2
5
4
7
9
26
56
147
361
14267
