0
10
21
35
111
184
394
1305
32212
21930
10277
4682
2893
2155
1830
1612
1399
1263
1130
1014
917
764
708
667
609
556
571
499
495
477
409
423
407
339
366
356
371
337
327
320
339
334
336
294
289
290
276
266
290
266
283
276
318
278
285
284
296
291
282
289
281
267
299
278
287
254
298
247
264
280
279
286
263
278
297
316
311
294
322
320
313
338
339
374
358
370
395
405
408
437
382
443
433
438
353
344
373
343
380
402
422
377
359
373
381
419
382
405
436
435
437
454
464
447
486
477
465
423
451
418
397
398
397
406
402
391
372
379
406
400
373
422
365
407
382
363
358
397
388
394
391
419
427
413
417
432
384
421
398
382
403
404
362
345
328
388
330
347
332
322
324
327
348
350
341
331
383
335
376
371
351
422
469
408
404
429
421
427
456
457
408
414
357
259
243
185
173
160
161
167
154
152
160
160
154
179
167
187
157
176
159
172
176
190
197
232
234
221
207
234
207
188
204
179
200
183
184
172
149
125
110
101
58
75
55
48
41
34
35
45
47
69
66
74
79
70
58
42
17
14
3
2
1
0
0
0
0
0
0
0
1
0
0
1
0
0
