0
0
0
0
0
0
0
0
0
0
0
0
0
0
0
0
0
0
0
0
0
0
0
0
0
0
0
0
0
0
0
0
0
0
0
0
0
0
0
0
1
4
2
17
38
35
52
51
50
70
84
88
100
129
144
134
134
174
174
183
195
256
269
295
408
629
864
797
853
920
828
760
818
816
1044
907
906
721
787
833
816
683
790
956
856
820
911
948
1049
1017
1138
1293
1222
1230
1372
1608
1489
1466
1751
1770
1819
1848
1818
1727
1699
1778
1774
1718
1631
1696
1657
1629
1652
1611
1687
1720
1715
1609
1679
1590
1555
1550
1597
1661
1733
1728
1826
1737
1888
1939
1905
1936
1844
1912
1813
1800
1764
1776
1752
1807
1929
1966
1857
1722
1716
1653
1596
1546
1501
1347
1281
1206
1191
1108
1083
979
938
806
759
674
649
559
550
558
508
517
491
532
431
454
433
420
327
366
347
328
325
294
287
312
257
268
259
269
226
246
209
233
191
179
186
173
168
181
184
182
192
175
169
208
151
191
168
156
162
148
159
153
145
156
141
144
161
139
148
129
123
122
136
137
139
120
100
113
131
119
88
127
120
116
113
113
146
162
248
299
336
245
192
137
73
69
49
34
7
0
0
0
0
0
0
0
0
0
0
0
