0
0
0
0
0
0
2
12
2443
3102
3237
4045
2684
2138
1916
2064
1811
1551
1421
1251
1166
1106
1034
991
915
798
632
498
434
394
361
308
301
297
257
288
329
277
311
315
280
285
254
255
267
250
266
244
216
225
243
215
231
227
255
214
208
234
227
244
231
245
259
251
237
261
229
250
274
305
295
277
285
255
292
284
338
321
326
314
350
365
353
372
360
406
400
441
412
449
435
467
468
509
540
559
559
556
609
569
618
673
625
563
573
581
586
548
513
525
529
537
505
506
544
537
529
544
573
637
662
703
627
617
537
501
534
560
596
564
502
518
542
513
556
542
529
516
545
563
546
464
511
479
499
421
471
452
430
475
402
425
399
402
444
410
419
469
480
487
483
491
522
489
531
536
541
531
601
646
613
640
690
677
736
706
702
676
744
756
830
869
844
885
969
972
1047
1111
1156
1285
1265
1504
1572
1678
1772
1934
1895
2007
2012
1968
1865
1859
1732
1780
1802
1887
2035
1902
1822
1630
1500
1205
999
755
534
413
292
267
143
118
68
35
23
18
11
2
7
3
3
5
3
1
0
0
0
0
1
0
0
0
0
0
0
0
0
0
0
0
0
0
0
0
0
0
0
0
