2
5
13
38
59
95
97
143
205
420
815
486
208
158
138
117
107
122
72
88
64
73
78
72
68
75
76
102
176
233
284
345
389
436
450
389
293
270
268
266
251
245
261
296
304
290
278
296
289
338
386
441
541
760
1017
1358
1771
2100
2334
2625
2894
2907
3070
3126
2954
2934
3015
3118
2945
3104
2895
2966
2920
2860
2835
2814
2720
2435
2389
2229
2169
2060
1957
1987
1925
1876
1808
1723
1631
1561
1489
1527
1412
1392
1438
1349
1234
1202
1221
1040
985
987
878
880
884
762
728
707
667
677
584
625
655
602
610
580
625
581
537
570
548
547
572
569
552
504
525
503
491
539
477
445
475
470
495
459
458
437
448
445
421
428
416
432
408
434
405
393
348
323
295
320
303
259
265
238
245
241
215
199
208
206
194
166
170
159
167
163
153
148
157
167
151
135
142
130
139
132
135
129
119
103
113
130
111
130
107
116
103
103
120
107
104
107
92
120
99
101
88
87
74
87
83
99
94
97
70
87
77
79
62
77
83
88
67
85
76
73
75
77
73
85
67
65
66
58
60
67
69
70
65
63
72
63
52
63
65
87
72
54
79
81
62
65
75
83
85
94
119
103
138
188
239
326
446
183
