0
0
0
0
0
0
0
0
0
0
0
0
0
0
0
0
0
0
0
0
1
1
0
0
4
14
20
51
225
572
860
1027
1119
1245
1211
1071
1018
961
910
872
907
958
897
873
923
963
988
972
911
928
896
920
911
953
852
898
942
929
993
982
1025
1082
1110
1111
1288
1321
1369
1477
1543
1660
1681
1784
1808
1879
1873
1827
1942
1759
1802
1807
1777
1676
1714
1524
1490
1552
1492
1498
1361
1394
1391
1308
1264
1340
1335
1259
1240
1220
1122
1106
990
960
902
876
773
773
739
702
665
655
628
602
597
596
658
593
584
637
670
626
681
669
683
716
713
738
770
800
859
799
930
1039
1054
1006
1063
1054
1022
1041
1037
981
1062
1017
1009
1085
1124
1106
1024
856
932
811
841
826
816
779
784
815
875
906
884
913
948
969
839
943
876
871
786
793
650
572
523
512
476
402
399
441
415
328
341
318
267
228
152
113
127
131
123
110
103
101
109
98
61
90
87
74
70
59
58
53
46
57
40
42
38
25
19
20
23
19
12
11
10
17
10
12
7
7
4
3
2
4
1
2
1
2
3
1
1
2
0
0
1
0
0
0
0
0
0
0
0
0
1
0
0
1
0
0
1
1
1
1
2
0
0
0
