5
102
436
781
2051
3612
5671
8905
5718
3796
2540
1899
1464
1169
1078
1070
958
825
786
801
710
722
652
659
659
633
617
643
618
618
616
642
636
642
603
592
617
614
629
618
619
562
634
581
596
640
617
594
569
602
588
561
626
612
580
556
602
549
613
601
553
589
592
581
582
572
619
625
611
609
635
677
619
655
672
710
680
691
692
695
701
880
1033
1144
1228
1386
1841
2690
2283
2169
2197
2570
2598
2585
2338
1900
1504
1286
1118
1008
1025
1129
1270
1308
1280
1201
1181
1023
919
821
748
713
672
719
671
686
700
624
584
595
531
504
516
508
502
528
496
488
466
506
463
458
456
430
473
413
464
464
451
481
448
435
423
530
502
535
538
560
529
471
437
388
398
355
284
212
188
177
167
147
138
151
135
141
108
113
121
114
108
108
112
95
102
97
90
129
89
81
96
102
106
104
98
75
100
93
90
84
72
82
86
66
66
46
50
46
41
29
41
20
26
20
13
13
17
9
12
9
8
2
7
5
3
1
3
0
2
2
1
1
0
1
0
1
0
0
0
0
0
0
0
0
1
0
0
1
0
0
0
0
0
0
0
0
0
0
0
0
0
0
0
0
0
0
0
0
