0
0
0
0
0
0
0
0
0
0
0
0
0
0
0
0
1
1
5
5
28
35
66
105
165
285
421
624
940
1125
1077
1188
1312
1374
1448
1581
1638
1649
1683
1672
1597
1592
1556
1571
1571
1422
1430
1413
1310
1389
1304
1330
1373
1335
1256
1277
1283
1259
1224
1222
1349
1284
1276
1233
1218
1162
1138
1146
1199
1155
1164
1178
1249
1191
1184
1214
1221
1263
1217
1213
1224
1313
1381
1407
1428
1326
1395
1464
1450
1512
1562
1566
1707
1560
1593
1775
1791
1713
1622
1601
1546
1435
1505
1412
1377
1374
1392
1269
1263
1168
1175
1141
1123
1127
1194
1112
1081
1163
1120
1032
1008
980
1018
860
899
854
853
802
827
749
716
674
715
674
637
622
600
570
581
524
532
491
451
460
449
404
396
382
378
348
361
338
371
386
363
380
365
372
345
321
345
286
280
286
265
258
262
246
224
200
196
233
208
172
180
157
135
113
107
108
121
108
88
91
97
93
105
70
82
54
52
35
28
35
21
24
27
9
9
13
16
10
16
4
6
9
3
9
2
4
6
1
2
4
2
4
0
2
1
4
0
0
2
0
0
0
3
3
3
0
0
1
0
2
1
1
1
1
0
1
0
0
1
2
0
0
0
0
0
0
0
0
0
0
0
0
