0
0
0
0
0
0
0
0
0
0
0
0
0
0
0
0
0
0
0
0
0
0
0
0
0
0
0
0
0
0
0
0
0
0
0
0
9
4
13
25
30
71
87
82
109
94
76
82
84
73
75
75
62
79
56
65
100
126
145
257
338
366
438
463
537
609
592
568
555
564
532
483
505
495
421
495
472
455
440
427
479
463
469
467
460
499
518
531
543
509
603
603
683
720
752
790
799
868
912
939
921
991
1068
1060
1125
1141
1163
1257
1295
1387
1422
1390
1383
1468
1500
1422
1487
1421
1388
1431
1349
1413
1340
1332
1293
1208
1200
1142
1141
1130
1090
1077
1067
1038
983
949
906
975
972
1025
976
1008
997
1128
1299
1396
1489
1858
2757
3981
5639
6925
7340
7391
7062
6537
5745
4598
3618
2705
1853
1353
994
731
485
360
282
225
190
147
111
86
90
62
58
50
34
44
31
23
20
19
11
16
11
9
6
3
7
3
3
6
5
6
4
3
2
3
1
3
0
1
2
1
1
3
0
0
0
1
0
0
0
0
0
0
0
0
0
0
0
0
0
1
0
0
0
0
0
0
1
0
0
0
0
0
0
0
0
0
0
0
0
0
0
0
0
0
0
0
0
0
0
0
0
0
