39
253
175
232
753
2631
1216
779
555
411
308
292
264
256
239
238
246
267
253
257
279
281
284
297
309
319
327
394
416
425
423
476
459
511
475
484
523
565
508
515
594
572
612
671
686
691
731
766
765
769
750
889
851
901
902
942
937
1011
1086
1030
1074
1069
1126
1192
1181
1208
1194
1231
1274
1339
1344
1394
1433
1456
1452
1432
1584
1504
1562
1541
1488
1616
1540
1580
1551
1532
1469
1538
1485
1450
1475
1500
1457
1489
1440
1483
1459
1421
1341
1349
1272
1276
1267
1264
1296
1268
1185
1154
1184
1081
1135
1104
1091
1013
1034
1028
951
966
975
943
872
910
811
884
830
804
756
783
748
694
678
701
700
692
616
640
635
644
626
599
528
572
568
521
544
540
504
487
532
478
459
484
436
493
434
436
464
397
403
424
413
401
372
365
344
368
398
362
359
367
331
355
329
337
303
331
262
299
293
264
290
270
278
283
227
245
253
233
228
268
223
226
217
218
223
197
191
196
178
203
189
185
185
183
152
182
175
157
146
147
134
173
150
138
136
140
131
118
115
121
128
104
105
108
93
121
106
114
104
96
90
93
98
86
92
103
69
103
64
72
76
81
99
75
75
60
62
50
38
53
33
27
6
3
0
0
