0
0
0
0
0
0
0
0
0
0
0
0
0
0
0
0
0
0
0
0
0
0
0
0
0
0
0
0
0
0
0
0
0
0
1
0
3
2
6
14
22
42
57
101
138
159
189
206
234
254
265
298
350
337
302
340
330
318
329
346
339
321
306
326
353
370
375
383
381
430
468
565
558
667
748
927
994
1072
1203
1283
1357
1405
1646
2083
2272
2557
2615
2887
3335
3216
2683
2346
2326
2254
2512
2685
2618
2695
2943
2893
2912
2965
2951
2800
2787
2681
2697
2773
2813
2730
2601
2704
2698
2625
2564
2404
2392
2349
2125
2026
1918
1901
1849
1759
1770
1714
1615
1624
1541
1527
1402
1349
1255
1207
1066
963
904
839
809
674
614
573
498
515
442
439
433
422
315
288
298
285
272
199
218
220
160
152
143
124
146
100
122
103
107
88
86
66
49
68
54
47
41
42
34
29
28
34
22
20
14
20
22
12
12
8
12
5
9
5
5
9
7
5
3
6
1
3
0
1
3
3
4
3
0
1
2
1
0
1
0
1
0
0
0
1
0
1
0
0
0
0
0
0
1
0
0
1
0
0
0
0
0
0
0
0
0
0
0
0
0
0
0
0
0
0
0
0
0
0
0
0
0
0
0
0
