2
28
83
210
984
11264
8817
9567
5084
2691
1866
1418
1109
1010
863
832
746
711
710
644
720
752
752
706
723
722
755
706
783
788
778
819
783
808
758
745
694
710
737
730
722
738
631
646
670
670
682
690
682
649
652
653
682
676
682
686
633
663
617
620
622
604
620
651
611
601
619
618
606
669
600
635
593
586
598
607
578
630
620
580
530
568
614
572
575
573
604
566
597
517
551
551
563
582
559
589
583
614
581
572
618
660
656
616
623
616
641
625
635
635
655
656
680
658
733
669
742
695
680
701
746
821
733
737
747
715
747
766
762
729
707
722
727
700
736
644
677
699
729
677
684
655
666
675
668
638
624
624
618
594
602
600
524
528
520
468
492
424
437
404
395
414
383
328
338
290
283
254
242
251
223
221
209
219
199
173
166
179
148
162
161
142
155
147
146
164
158
121
124
121
111
119
135
134
115
111
93
115
118
110
99
118
81
97
90
75
80
93
102
99
83
87
87
76
109
71
74
88
77
60
57
78
75
74
84
66
86
69
72
70
57
90
83
98
101
124
138
140
149
187
179
176
199
176
176
196
221
263
227
212
164
199
190
194
280
207
