0
0
0
0
0
0
0
0
0
0
0
0
0
0
0
0
0
0
0
0
0
0
0
0
0
0
2
3
0
1
4
2
7
6
11
19
35
40
70
84
116
119
144
169
187
184
228
229
316
301
317
329
349
346
393
404
418
451
507
462
520
511
559
545
601
644
604
621
634
651
706
688
705
701
711
706
789
783
757
744
804
791
848
849
811
902
902
851
906
950
904
910
922
898
957
960
982
929
951
982
904
975
971
969
951
983
965
937
1034
985
1040
996
1036
1041
968
1076
1064
1051
1106
1106
1071
1077
1068
1080
1114
1098
1112
1118
1100
1123
1178
1086
1092
1122
1071
1122
1092
1079
1123
1120
1156
1067
1017
1047
1059
1054
1055
1053
1067
1015
1061
973
1001
1028
964
1071
979
980
938
953
972
981
913
931
944
877
881
881
881
899
817
817
795
793
824
795
770
770
807
787
779
752
753
761
703
712
683
711
678
633
696
670
632
652
628
583
647
608
639
574
544
578
575
598
552
549
508
513
491
544
490
485
503
458
485
456
482
520
470
481
491
498
517
572
642
663
695
783
874
878
867
832
772
611
543
399
326
296
248
213
190
131
122
106
109
70
77
64
79
63
72
81
121
112
130
59
