0
0
0
0
0
0
0
0
0
0
0
0
0
0
0
0
0
0
0
0
0
0
0
0
0
0
0
0
0
0
0
0
0
1
1
12
53
75
82
71
73
94
113
101
133
165
163
181
183
234
238
264
245
260
257
246
220
207
208
201
184
152
158
157
123
125
129
114
101
91
81
89
87
84
72
65
73
57
71
69
62
62
68
72
71
67
67
55
65
75
70
78
71
126
99
143
127
161
218
241
252
290
301
314
343
372
409
378
389
358
385
392
376
417
402
415
420
393
404
426
426
418
433
460
422
441
473
538
513
502
562
573
603
611
657
646
686
783
776
808
845
823
780
779
741
789
759
780
758
855
794
835
838
845
852
857
904
885
923
937
1000
1012
1035
1037
1041
1007
986
1016
1109
1048
1003
1044
1071
996
1013
976
1013
1002
913
974
962
944
986
994
974
1172
1373
1816
2130
2444
2778
3240
3561
3578
3523
3332
3425
3545
4119
4955
5729
6408
6563
5865
4875
3327
2251
1383
880
539
311
237
195
198
157
164
131
131
116
88
94
93
82
60
64
60
53
51
48
33
49
30
29
29
26
24
22
43
27
33
28
16
21
27
15
19
16
20
19
18
10
14
14
12
0
0
