18
107
127
111
315
567
1091
3005
51338
4156
1832
1196
859
671
645
493
478
411
375
399
384
395
366
348
361
342
351
379
351
351
365
378
359
349
337
355
330
363
363
373
345
389
395
379
425
427
448
431
433
451
472
445
465
471
481
473
470
488
522
563
558
547
582
580
593
608
637
642
654
677
676
654
717
688
688
692
672
681
753
764
756
751
751
739
768
811
777
810
826
793
807
793
792
776
801
770
740
744
726
722
730
776
719
680
689
661
667
611
628
620
626
563
569
564
498
556
464
480
485
472
428
471
426
412
403
409
464
389
406
411
385
394
384
398
385
384
384
377
358
385
364
396
388
374
392
361
377
383
371
414
361
313
351
352
382
364
353
373
340
331
336
317
306
332
345
321
357
278
344
291
324
328
300
336
357
322
325
350
324
348
331
340
326
328
302
325
300
296
300
273
225
248
237
231
215
191
154
208
171
146
145
124
122
107
117
92
103
95
75
73
69
70
53
62
60
46
38
49
37
35
25
33
35
31
27
25
23
17
31
22
15
16
19
22
26
16
19
23
21
30
26
32
38
30
36
35
25
23
26
30
14
9
7
0
0
0
