0
0
0
0
2
3
2
5
6
6
10
18
15
24
31
34
49
61
66
87
118
148
164
175
204
243
283
284
371
442
518
544
582
665
801
921
947
1016
1139
1193
1262
1335
1440
1341
1356
1471
1452
1462
1583
1540
1552
1440
1419
1440
1316
1297
1209
1149
1116
1008
1022
1002
869
908
894
841
809
786
788
770
746
729
758
698
650
703
719
707
660
678
695
689
697
665
681
737
708
671
657
679
730
691
713
680
723
680
788
663
775
790
786
820
795
844
845
890
894
901
893
911
970
978
1029
1096
1038
1096
1057
1039
1131
1076
1166
1164
1150
1194
1237
1243
1264
1304
1246
1193
1248
1268
1208
1203
1272
1172
1218
1211
1191
1155
1119
1159
1083
1089
1058
969
923
984
905
897
914
830
879
764
827
767
758
780
739
724
716
689
704
663
648
620
621
619
606
577
592
561
491
493
526
449
443
486
433
441
428
419
408
415
392
380
380
363
360
343
318
283
286
314
317
286
287
264
244
209
233
239
240
196
193
176
202
211
185
183
179
180
170
155
162
142
130
156
135
134
110
129
110
116
117
104
116
102
96
87
96
91
77
87
85
71
76
72
74
67
56
71
59
49
61
57
62
52
56
58
57
48
78
107
138
56
