0
0
0
0
0
0
3
12
26
35
62
81
90
94
74
67
63
57
59
51
62
65
54
88
76
100
75
117
128
154
169
180
212
218
209
173
164
189
199
196
207
194
213
201
204
205
238
207
191
209
218
259
246
243
265
257
243
265
252
290
346
344
362
356
378
370
416
463
496
474
518
514
524
602
561
607
678
663
657
750
731
811
816
769
881
859
871
861
913
910
956
1053
1046
1097
1155
1217
1197
1273
1290
1311
1418
1314
1454
1509
1553
1589
1668
1671
1600
1673
1704
1718
1697
1779
1769
1771
1784
1760
1776
1739
1763
1688
1750
1594
1655
1707
1666
1637
1581
1689
1663
1644
1623
1628
1536
1629
1589
1573
1538
1613
1546
1548
1503
1504
1514
1457
1432
1397
1363
1322
1357
1294
1193
1174
1130
1074
1040
996
890
888
872
844
801
693
661
590
594
561
559
511
444
422
458
421
373
327
329
334
322
292
268
296
264
277
277
255
265
249
250
232
241
219
221
229
221
196
201
227
228
208
232
189
211
217
224
192
195
233
207
214
230
212
217
198
211
216
220
208
165
192
188
181
181
227
192
160
185
175
162
147
164
135
173
143
141
125
125
186
140
110
148
113
132
134
117
142
135
148
271
196
212
174
88
61
31
5
