0
0
0
0
0
0
0
0
0
0
0
0
0
0
0
0
0
0
0
1
0
0
10
117
131
128
130
119
101
105
132
128
131
209
241
253
273
359
352
418
448
423
515
429
485
482
475
496
488
499
493
445
500
539
525
539
522
575
588
577
581
543
585
604
615
660
665
746
719
730
741
762
753
807
840
841
924
890
879
939
984
1035
1037
1029
1031
1103
1121
1165
1181
1096
1217
1232
1310
1316
1320
1340
1312
1446
1425
1502
1477
1490
1513
1568
1542
1617
1662
1624
1857
1661
1740
1663
1834
1772
1869
1826
1815
1832
1771
1815
1883
1922
1882
1954
1794
1926
1870
1868
1833
1760
1808
1736
1771
1786
1713
1722
1641
1646
1536
1487
1479
1409
1402
1404
1365
1282
1206
1175
1109
1037
999
951
939
867
829
810
704
695
674
640
588
557
582
481
473
454
410
421
381
334
306
299
292
254
270
226
211
224
206
182
176
181
147
142
133
119
130
104
114
95
103
84
97
72
88
80
75
85
70
76
47
58
53
65
46
48
47
54
43
40
54
47
49
44
41
49
35
42
55
45
47
43
42
54
48
50
45
46
49
37
33
30
27
36
27
35
29
28
24
26
24
24
22
40
30
30
41
43
57
55
51
40
30
5
0
0
