0
5
22
13
45
78
152
156
141
147
115
94
104
106
114
159
140
172
220
279
268
295
299
385
359
344
332
253
216
208
176
145
125
83
78
84
73
63
64
57
79
74
50
70
56
53
39
48
49
49
57
40
41
42
51
51
37
45
39
34
41
39
61
58
75
82
82
103
127
90
101
99
114
131
156
142
144
168
188
275
310
277
345
366
385
365
406
490
519
512
437
430
416
410
492
512
568
644
764
843
830
1080
1199
1348
1542
1717
1808
1638
1480
1316
1461
1573
1684
1774
2209
2690
3081
3263
3351
3301
3340
3959
4236
4415
4823
5395
5480
5134
4621
4094
3948
4047
4157
4059
3719
3188
2805
2651
2427
2399
2350
2294
2217
2158
2110
1875
1310
953
644
558
439
335
257
170
145
126
117
51
31
11
9
5
6
5
7
3
5
4
6
4
3
3
1
2
2
2
0
1
0
0
0
0
0
0
0
0
0
0
0
0
0
0
0
0
0
0
0
0
0
0
0
0
0
0
0
0
0
0
0
0
0
0
0
0
0
0
0
0
0
0
0
0
0
0
0
0
0
0
0
0
0
0
0
0
0
0
0
0
0
0
0
0
0
0
0
0
0
0
0
0
0
0
0
0
0
0
