0
0
0
0
0
0
0
0
0
0
0
0
0
0
0
0
0
0
0
1
3
3
6
10
17
24
25
46
77
104
146
246
335
434
576
787
1107
1565
2158
2862
3727
4486
3913
3133
2511
2297
1925
1926
1829
1805
1699
1654
1696
1625
1537
1607
1556
1548
1557
1507
1522
1513
1530
1441
1578
1568
1536
1560
1496
1568
1532
1489
1477
1491
1545
1500
1460
1507
1452
1428
1420
1412
1422
1341
1349
1338
1314
1259
1269
1212
1158
1115
1122
1082
1051
1062
946
895
918
899
828
822
834
792
765
748
756
677
656
616
635
569
553
550
575
543
501
500
465
466
437
427
376
405
423
358
345
325
299
309
333
281
276
291
262
288
263
250
225
236
200
245
241
226
197
214
191
194
166
213
181
186
175
158
183
176
167
162
165
167
181
152
168
146
146
195
275
330
467
521
699
1040
1157
831
930
1015
1166
1479
1645
1795
1445
428
80
58
54
45
52
72
47
50
45
35
32
39
35
36
33
34
32
28
30
38
42
35
39
23
42
29
29
39
33
30
24
22
24
16
26
29
24
25
24
28
36
36
34
40
26
24
27
18
22
32
23
23
26
17
27
33
20
16
23
31
24
31
25
29
30
41
51
70
78
168
319
545
1539
2334
