0
36
213
103
327
19045
346
123
72
72
77
88
37
46
59
37
45
40
52
20
32
22
28
50
32
50
34
40
57
119
315
789
971
1051
1160
1051
887
717
1112
2087
2694
2893
2951
2048
1475
1047
773
608
516
413
385
312
297
282
290
292
311
394
463
526
656
603
609
650
627
642
656
715
774
854
921
992
1053
1125
1023
1077
1016
1018
1005
982
886
941
919
926
861
831
756
682
640
645
625
627
665
665
603
663
652
629
720
640
582
529
568
492
444
425
386
374
351
353
362
336
343
344
299
320
282
281
300
317
295
295
272
278
272
307
260
273
283
286
279
287
278
269
258
257
226
243
227
240
243
257
220
227
233
257
256
216
221
182
224
236
251
224
229
242
219
214
217
192
238
196
195
220
209
215
208
209
216
208
204
241
222
189
206
210
217
235
202
238
207
213
246
214
238
210
220
254
239
243
253
289
237
263
246
231
257
253
259
282
267
259
238
264
292
280
308
312
332
319
330
366
375
393
408
386
411
460
485
460
474
502
516
553
526
528
526
545
649
638
629
704
692
802
830
854
908
1030
1149
1381
1794
2171
2512
2758
2731
2451
2287
1951
1713
1531
1465
894
11
0
0
0
