0
0
0
0
0
0
0
0
0
0
0
0
0
0
0
0
16
648
3952
3738
1291
734
480
428
403
342
327
296
279
240
278
315
323
339
382
390
445
522
552
547
654
791
834
1100
1156
1460
1471
1465
1552
1641
1652
1676
1775
1875
2051
2015
2243
2382
2324
2349
2584
2490
2244
2145
2178
2085
2012
1961
1878
1947
1748
1737
1743
1691
1722
1708
1716
1748
1584
1638
1633
1509
1499
1479
1415
1436
1493
1421
1460
1472
1363
1510
1542
1490
1464
1647
1486
1395
1264
1235
1214
1241
1155
1089
992
941
900
868
883
796
785
707
701
706
719
638
565
560
537
489
462
407
437
398
355
329
277
274
331
303
311
302
289
278
250
288
271
249
270
255
214
203
182
221
190
213
198
199
203
201
186
210
223
179
205
195
177
210
198
186
185
185
169
163
163
183
168
154
156
136
159
145
141
169
132
122
134
127
117
121
124
116
128
124
133
120
111
103
96
127
111
114
99
93
127
106
96
114
91
102
90
88
91
86
89
84
79
87
95
81
86
94
75
74
97
82
93
99
90
91
94
82
105
83
94
90
93
80
82
94
99
81
95
79
78
87
74
90
74
69
74
72
83
79
81
87
65
88
97
83
116
110
154
142
12
0
