0
10
36
68
138
229
304
593
886
1398
2010
1786
1374
1017
902
808
717
705
718
654
637
647
678
651
651
704
617
695
743
690
695
762
767
742
796
750
842
832
796
783
879
795
785
848
788
869
781
803
817
851
824
857
858
832
792
840
833
854
819
856
886
819
787
766
867
797
793
836
804
782
743
745
746
725
742
779
718
726
723
678
690
687
698
661
690
625
673
644
651
636
665
632
591
620
657
618
597
599
631
638
617
600
603
619
638
595
558
571
577
571
550
569
520
572
545
547
484
521
459
457
480
440
443
431
411
398
417
452
406
389
353
390
327
340
343
322
344
340
339
289
332
286
280
268
276
271
256
267
250
257
219
273
199
220
219
210
188
197
174
178
196
162
169
153
161
161
144
143
150
139
144
129
122
114
115
111
107
135
125
108
116
83
107
103
99
86
91
108
93
86
87
67
106
92
90
72
81
75
75
70
80
78
86
66
64
65
67
68
66
77
71
65
55
67
69
62
73
72
59
48
51
53
52
51
66
51
54
56
40
54
54
84
82
131
133
149
352
466
869
1198
1168
1334
1674
1598
1400
1754
1920
1637
2307
2154
1859
3045
2479
2791
5163
14715
