1
38
183
297
755
1757
7387
14480
4178
2824
2225
2046
1796
1673
1515
1377
1260
1221
1188
1064
986
985
981
867
816
776
799
732
686
672
630
598
583
576
529
553
577
554
574
547
540
568
550
536
560
455
483
468
509
586
562
584
592
658
692
700
777
834
816
876
916
1016
921
881
845
867
852
828
881
845
849
839
949
982
951
987
950
959
900
907
883
887
798
805
794
754
840
822
763
821
826
889
818
896
882
925
908
937
960
979
939
969
1055
1038
1116
1075
1115
1123
1098
1091
1081
1078
1040
1133
1045
1075
1127
1125
1110
1110
1131
1106
1041
1043
974
955
941
911
856
882
809
741
809
669
727
599
616
559
494
469
468
425
395
332
333
304
268
280
240
239
214
233
227
201
147
187
144
120
101
119
117
99
82
88
68
67
68
71
62
49
48
51
49
36
53
41
33
30
29
35
37
27
25
30
32
27
40
27
21
30
27
31
21
28
24
19
27
20
28
35
20
24
22
21
22
28
27
17
35
23
16
26
17
23
21
14
15
19
19
20
17
24
23
25
15
36
29
32
24
28
34
32
24
15
18
21
19
13
5
1
5
2
1
1
0
0
0
0
0
0
0
0
0
0
0
0
