0
0
0
0
2
2
6
5
22
20
25
36
56
54
119
118
136
211
243
317
342
406
437
402
416
410
428
436
449
425
499
484
506
478
518
596
570
594
654
694
735
751
775
767
819
795
837
828
835
881
899
877
916
865
930
980
980
1073
1016
1066
1061
1024
1057
1104
1080
1092
1118
1082
1098
1113
1177
1121
1123
1080
1063
1066
1079
1120
1063
1094
1084
1145
1098
1077
1025
1030
1115
1089
1114
989
1050
1060
887
982
1023
951
972
974
947
963
1002
934
881
978
921
919
884
865
949
853
929
862
817
807
866
863
832
856
820
797
852
780
820
780
809
798
814
795
734
804
779
786
800
761
767
791
790
745
765
809
776
730
733
723
714
752
680
710
740
685
673
681
650
661
634
652
645
601
638
597
585
557
541
595
555
505
507
587
521
516
513
519
501
470
483
484
468
494
459
454
456
455
458
444
417
393
393
411
383
405
396
403
361
397
366
339
389
373
371
364
347
322
303
349
312
314
361
319
337
331
330
336
294
320
340
304
297
291
305
279
298
300
298
279
264
287
267
266
278
270
244
250
259
248
267
268
254
244
263
281
266
281
291
260
311
351
420
502
660
790
1019
758
206
2
0
0
