0
0
0
0
0
0
0
0
0
0
0
0
0
0
0
1
0
2
3
4
2
4
4
8
11
14
32
57
109
167
201
288
357
475
597
666
724
822
843
806
892
875
943
958
996
1101
1184
1323
1283
1431
1473
1499
1528
1562
1649
1563
1598
1565
1607
1488
1575
1521
1531
1506
1536
1473
1445
1345
1213
1102
1036
969
914
852
768
746
755
709
710
698
694
643
654
642
653
639
680
648
676
666
668
717
622
645
681
711
764
735
777
884
839
900
874
954
1021
989
964
982
984
1024
954
940
866
808
686
571
492
433
358
380
330
359
355
296
330
320
286
303
333
297
299
270
293
255
286
262
311
272
252
244
259
274
278
253
261
239
257
230
245
234
236
251
241
256
283
249
252
277
269
256
307
287
309
290
280
297
337
353
347
399
377
430
442
499
515
517
587
614
697
755
828
834
949
979
967
1115
1099
1193
1166
1212
1243
1287
1400
1384
1387
1388
1424
1385
1340
1282
1202
1221
1085
1006
1018
1012
925
955
871
858
839
789
775
794
718
640
662
631
604
528
480
406
415
385
390
341
337
299
330
264
248
244
200
171
155
140
171
136
124
107
116
102
94
107
123
126
148
134
205
208
269
280
322
404
522
274
