0
7
5
9
8
9
19
29
19
31
45
43
71
62
71
66
76
104
109
126
126
134
170
182
186
191
212
202
230
266
295
272
328
380
317
380
353
400
406
441
453
541
543
528
538
546
595
600
595
627
638
701
698
672
726
652
684
711
709
700
685
757
697
704
717
673
695
669
667
689
684
715
715
717
663
672
740
712
701
769
729
723
736
731
736
785
788
821
853
848
885
884
966
903
991
924
970
941
1007
953
1025
998
1001
900
1008
1012
983
924
955
923
923
867
986
965
942
941
1005
990
953
1028
1040
1034
1124
1129
1204
1220
1213
1206
1239
1231
1301
1324
1351
1300
1420
1469
1453
1507
1577
1614
1605
1655
1734
1712
1759
1713
1708
1741
1772
1641
1662
1547
1534
1506
1478
1370
1309
1238
1207
1156
1068
878
830
770
773
702
708
702
748
741
769
709
789
843
894
941
926
983
989
1066
1016
983
855
824
701
629
527
496
452
358
286
277
269
259
236
233
203
196
211
181
194
153
157
153
119
109
96
109
78
71
57
43
43
39
47
30
35
40
22
23
27
23
27
27
11
20
24
13
9
11
14
12
15
8
6
8
10
5
6
12
1
7
3
4
5
5
7
7
9
7
10
16
5
4
0
0
