80
160
117
148
213
375
758
579
411
299
276
216
251
192
184
181
165
191
189
200
210
207
195
169
132
142
175
177
141
157
155
132
139
140
145
157
142
147
140
164
157
136
146
155
143
137
157
148
156
147
143
151
155
121
154
167
163
158
180
176
184
180
180
192
217
199
219
225
273
263
278
302
329
300
369
376
397
442
460
496
530
565
575
619
643
658
754
733
769
828
892
945
997
1061
1037
1091
1174
1245
1253
1279
1360
1406
1433
1417
1610
1587
1642
1682
1741
1743
1941
1832
1917
1891
2017
2046
2017
2100
2101
2148
2109
2142
2088
2219
2086
2160
2123
2071
2051
2075
1969
2046
2048
2010
1949
1864
1904
1756
1767
1719
1693
1700
1615
1510
1498
1437
1472
1334
1337
1344
1269
1195
1168
1097
1058
991
991
932
855
913
825
815
771
672
715
681
658
651
629
538
571
570
525
513
452
414
395
378
380
335
364
324
284
269
245
282
279
234
213
233
220
196
189
182
181
145
133
130
131
136
119
95
98
94
105
91
74
76
81
69
65
76
60
44
59
56
67
49
48
51
44
40
51
40
35
43
43
42
40
41
44
33
28
21
30
22
24
20
15
22
23
15
22
23
18
19
16
16
26
17
15
28
14
7
3
0
