0
0
0
0
0
0
0
0
0
0
0
0
0
0
0
0
0
0
1
3
19
50
443
2000
2143
1425
830
716
621
607
556
464
464
403
348
294
292
281
269
272
242
252
258
214
222
237
224
166
173
166
152
179
121
153
120
130
144
124
129
165
157
175
191
233
217
237
250
255
324
396
331
353
349
333
372
395
444
403
438
445
454
481
505
542
552
569
565
558
599
591
669
659
738
747
835
868
968
994
1125
1190
1287
1434
1548
1606
1769
1782
1986
2078
2301
2430
2640
2669
2877
3076
3219
3417
3595
4004
4044
3915
3885
3735
3536
3477
3527
3568
3636
3551
3381
3051
2949
2809
2425
2157
1862
1742
1695
1482
1386
1213
1005
971
853
836
701
669
606
567
521
439
423
388
356
293
274
209
201
179
147
120
125
119
97
97
79
60
59
65
56
46
47
49
32
38
27
30
21
24
22
22
16
13
18
12
4
9
10
2
3
9
8
2
5
10
3
4
1
5
5
1
5
9
4
3
5
2
2
2
4
4
2
3
2
2
4
1
0
2
3
3
0
2
0
1
0
0
0
0
0
0
0
0
0
0
0
0
0
0
0
0
0
0
0
0
0
0
0
0
0
0
0
0
0
0
0
0
