0
0
0
0
0
0
0
0
0
0
0
0
0
0
0
1
0
2
3
11
41
131
285
467
558
571
496
476
511
520
511
545
622
704
718
794
858
860
997
1093
1130
1264
1339
1330
1359
1306
1285
1356
1395
1481
1528
1623
1723
1893
2404
3926
5988
5990
5627
5703
5628
4898
3147
2670
2798
2524
2116
2054
2021
2049
2039
2041
2107
2147
2072
2210
2057
1826
1748
1644
1724
1678
1525
1450
1362
1367
1403
1482
1454
1463
1508
1577
1502
1546
1441
1369
1313
1133
1027
993
892
913
822
814
829
784
809
780
764
686
738
785
797
729
697
626
463
341
241
159
128
97
94
77
76
75
56
59
42
53
38
37
44
37
50
23
19
8
4
1
8
5
2
6
3
4
1
2
1
0
3
3
0
1
0
1
1
1
0
1
0
0
2
0
0
1
2
3
1
1
0
2
1
0
3
1
3
1
0
2
1
2
1
0
0
0
1
1
1
3
1
3
2
6
3
0
1
3
5
1
5
2
1
2
3
1
1
0
3
3
0
3
3
2
1
1
4
0
1
1
2
1
2
1
0
2
1
0
1
0
0
0
2
0
2
1
1
0
0
3
1
0
1
2
1
2
1
0
1
2
0
1
5
0
2
0
