0
0
0
0
0
0
0
0
0
0
0
0
0
0
0
0
0
1
2
12
22
30
34
37
59
49
47
33
44
33
53
58
53
57
71
70
105
92
91
106
93
99
119
130
140
144
155
201
179
194
202
213
252
257
299
327
396
420
398
451
470
531
548
598
591
607
688
739
782
804
821
856
903
950
932
1006
1026
1122
1116
1174
1175
1216
1258
1316
1336
1404
1491
1460
1502
1508
1563
1665
1667
1715
1708
1821
1831
1847
1885
1808
1938
1824
1797
1808
1938
1872
1929
1961
1925
1892
1989
1968
1959
1952
1906
1919
1903
1866
1922
1879
1925
1882
1766
1821
1789
1772
1661
1731
1673
1619
1580
1531
1457
1571
1438
1323
1388
1342
1215
1163
1152
1113
1098
1118
1095
1038
998
909
936
818
848
839
735
702
698
698
626
637
589
599
535
523
527
474
451
385
428
425
385
352
387
318
342
295
293
303
280
272
255
235
228
242
250
205
203
221
198
172
176
181
158
181
161
149
159
146
154
149
128
138
113
117
109
114
128
101
119
81
76
88
79
58
81
84
63
62
63
70
63
71
69
54
44
58
59
51
58
44
36
37
35
37
37
49
36
29
33
21
27
34
26
24
28
39
23
25
44
34
39
44
40
42
13
17
3
0
