0
5
3
0
9
15
19
52
72
156
214
621
623
789
848
683
590
601
770
891
794
626
485
441
384
324
336
348
345
315
317
328
404
462
488
623
862
1982
3849
3371
1681
759
500
484
460
500
516
504
468
478
445
416
411
416
455
460
487
509
466
475
470
478
420
395
373
333
333
295
310
332
334
346
344
365
343
371
398
496
414
426
480
582
708
896
1031
1252
1298
1356
1203
1056
1092
1152
1242
1300
1350
1377
1451
1512
1325
1097
724
637
598
608
621
572
553
604
626
656
670
667
734
746
812
803
817
887
912
948
875
790
785
760
654
674
710
702
722
631
636
639
614
612
551
518
573
543
537
540
543
523
517
560
551
478
578
552
562
588
586
597
611
582
583
554
595
598
538
619
567
586
590
614
600
592
596
622
655
642
776
714
810
772
842
905
925
916
888
962
1006
1002
988
943
898
880
952
1002
952
1048
1029
1082
1096
1043
1022
977
970
900
848
807
742
775
602
579
507
449
374
305
299
250
264
242
235
252
224
216
198
194
167
169
152
158
153
154
167
158
158
140
155
182
160
179
223
211
222
236
286
284
279
258
287
326
344
356
371
404
464
519
654
597
747
416
77
15
0
0
