0
0
0
0
0
4
3
0
4
5
6
5
16
14
19
12
19
12
16
14
18
19
15
15
14
9
10
13
26
20
23
25
32
45
36
28
45
40
46
55
59
44
45
47
37
39
32
49
43
46
50
53
48
55
61
76
71
82
106
106
110
120
136
136
155
159
174
191
190
247
235
251
293
315
353
395
385
444
486
536
594
633
701
747
798
879
943
1020
1019
1060
1086
1115
1242
1253
1334
1512
1454
1534
1655
1728
1739
1819
1942
2186
2154
2380
2492
2671
2780
2941
3087
3263
3348
3517
3636
3760
3908
3858
3884
3830
3556
3402
3189
3107
2888
2696
2575
2377
2122
1933
1643
1561
1313
1234
1069
1011
921
785
735
735
694
679
653
636
608
655
655
634
614
591
633
601
588
586
598
570
583
536
533
536
494
459
447
437
433
413
406
397
362
351
369
343
347
333
338
344
313
313
322
305
302
273
270
249
277
230
253
216
253
212
212
205
196
170
168
169
133
153
149
132
134
138
120
130
123
126
129
115
101
113
94
92
112
89
78
108
93
73
55
55
55
58
40
49
47
58
44
37
64
44
48
38
40
41
37
39
30
23
28
22
12
7
5
6
3
2
1
2
0
3
4
3
1
3
1
0
