0
1
97
124
307
388
592
732
812
847
811
863
826
991
903
1025
1004
1089
1143
1129
1216
1308
1339
1257
1356
1361
1431
1418
1393
1389
1424
1327
1296
1241
1321
1270
1258
1168
1206
1178
1145
1095
1187
1100
1143
1058
1127
1123
1125
1088
1139
1120
1023
1021
1090
1068
950
1030
963
894
843
781
736
672
621
575
582
527
553
453
432
449
381
389
369
322
309
318
296
268
267
261
305
281
310
340
354
415
494
552
646
795
918
1116
1251
1548
1795
2082
2254
2688
2847
2926
3163
3367
3374
3277
3245
3174
3126
2919
2735
2544
2214
1977
1760
1461
1293
1073
936
784
618
537
448
339
295
258
174
167
139
152
134
113
134
100
101
120
100
117
102
125
72
116
110
102
99
91
88
79
106
84
115
98
115
89
100
126
121
107
91
130
110
126
134
155
141
133
157
148
149
143
160
139
133
134
107
120
104
88
79
62
52
71
62
61
62
53
32
39
50
60
45
37
63
55
47
37
48
40
41
43
32
53
49
40
55
48
47
38
51
43
46
52
47
50
52
49
47
52
41
50
47
50
57
48
48
51
44
43
45
56
41
47
53
41
51
45
40
47
45
45
49
58
63
46
71
58
68
81
118
117
175
306
450
861
1360
729
