0
2
13
26
88
197
362
831
2848
2245
2164
1500
1170
958
886
814
803
873
883
986
941
1001
967
943
961
901
955
885
871
850
866
866
855
834
847
880
886
910
853
809
851
741
724
681
690
658
645
679
588
579
550
616
605
603
558
575
598
555
504
529
536
483
441
465
467
404
427
412
397
415
412
401
414
366
377
426
378
446
446
415
443
411
421
464
471
493
477
498
525
523
579
595
623
555
609
581
580
590
548
591
554
561
574
549
540
542
522
580
554
575
550
556
546
526
550
574
537
569
561
520
501
536
513
522
515
499
513
541
495
510
515
499
496
524
481
537
490
531
550
531
573
547
591
558
543
537
545
558
542
504
515
499
549
523
503
509
557
526
505
529
507
533
585
557
590
582
552
559
582
630
640
681
773
719
742
765
771
830
955
1031
1036
1143
1279
1397
1526
1523
1515
1511
1472
1607
1397
1429
1365
1346
1290
1217
1174
1219
1145
1060
1099
1087
1064
944
899
884
793
651
635
575
487
539
430
409
383
371
337
286
275
295
308
260
242
238
179
176
154
123
108
79
77
66
65
53
47
40
42
40
33
28
25
23
25
14
16
11
6
9
5
8
2
3
1
1
0
0
