14
52
47
39
53
28
38
79
149
357
272
150
179
145
188
197
210
209
190
227
274
242
284
260
235
276
243
248
205
197
241
181
224
202
211
210
202
227
223
227
262
253
230
272
252
279
249
264
265
301
287
270
304
332
308
363
330
380
394
415
430
465
458
509
544
617
607
700
730
814
853
930
927
1024
1020
1097
1131
1186
1131
1258
1298
1320
1377
1401
1393
1352
1454
1517
1570
1600
1651
1637
1641
1639
1723
1704
1742
1744
1758
1826
1793
1859
1908
1908
1904
2011
1837
1895
1838
1824
1770
1671
1700
1531
1519
1436
1459
1406
1296
1272
1325
1232
1224
1139
1153
1099
1100
1045
982
1054
1107
1249
1399
1525
1756
2079
2344
2120
2011
1757
1736
1544
1516
1438
1273
1106
948
871
698
690
585
559
547
543
542
582
568
545
579
594
556
541
471
451
427
403
407
372
455
412
397
438
447
493
469
460
416
386
319
317
325
322
327
347
313
334
262
235
193
214
186
207
198
161
135
116
101
94
78
96
78
60
49
39
23
12
2
3
2
1
1
2
1
4
2
0
3
2
2
1
0
2
3
1
0
0
0
0
1
1
0
0
1
0
0
0
0
0
0
0
0
0
0
0
0
0
0
0
0
0
0
0
0
0
0
0
