36
193
234
215
400
423
579
769
1102
1840
2885
2092
1261
921
673
608
575
585
621
715
787
766
682
583
510
461
467
516
480
459
450
462
448
458
492
495
507
527
507
507
508
474
540
581
610
619
626
618
637
630
660
624
696
700
703
730
736
679
775
751
721
785
710
764
741
781
821
815
827
827
869
843
892
913
879
915
881
911
926
934
900
947
918
981
947
951
982
927
995
978
1006
941
940
939
907
933
955
935
919
937
956
912
892
960
935
898
920
859
898
911
915
918
906
877
820
887
838
905
908
863
865
837
862
835
841
803
750
795
786
778
781
720
722
736
756
741
708
689
681
677
677
610
651
637
615
618
570
592
597
601
538
520
505
470
525
506
465
470
469
456
469
440
426
415
416
407
401
388
417
401
362
403
367
406
370
374
373
382
357
337
360
336
359
327
317
377
335
305
368
332
328
314
327
310
314
308
316
293
304
312
285
290
305
294
261
267
266
244
273
272
275
291
248
247
241
279
266
241
247
270
237
246
248
233
314
315
326
334
318
323
275
281
252
227
225
222
239
228
216
233
227
253
234
221
246
228
262
289
339
369
491
657
931
1320
1961
952
