0
0
0
1
3
6
5
17
19
31
36
44
63
53
90
92
108
146
198
248
395
627
2330
1005
651
555
495
540
600
615
656
640
643
679
675
725
721
768
707
797
721
766
772
783
740
741
719
700
723
590
550
493
511
426
408
376
394
392
351
369
406
385
357
378
394
460
440
414
468
441
472
465
493
422
505
455
460
457
448
488
530
533
537
540
570
576
600
599
707
772
976
1178
1425
1783
2315
2838
3444
4187
4791
5575
6045
6527
6639
6665
6594
6495
6257
5615
5270
4553
3858
3452
2757
2177
1758
1417
981
747
576
477
358
307
220
221
173
194
131
142
137
110
130
89
102
98
82
78
71
72
57
58
62
59
49
48
40
52
42
39
41
34
30
35
35
49
35
36
34
29
24
26
24
21
21
17
19
20
24
20
30
16
17
17
17
20
20
11
19
18
10
13
23
14
11
14
13
10
16
18
15
14
4
17
12
10
14
14
14
11
11
9
9
13
12
17
15
5
12
11
7
7
10
5
8
7
7
4
4
4
3
6
4
4
5
5
3
12
9
8
3
3
3
3
5
3
8
8
11
1
6
3
4
5
2
5
4
7
10
17
16
19
23
31
54
10
1
0
