2
27
20
36
64
75
115
240
380
479
454
422
475
493
491
572
572
601
600
657
643
727
764
777
851
855
863
914
942
961
1001
1052
1042
1068
1111
1159
1154
1115
1135
1124
1173
1135
1123
1142
1155
1129
1173
1101
1154
1067
1014
1081
1056
1000
1014
1000
1030
936
959
903
906
837
884
885
839
767
769
785
764
741
735
705
714
673
695
654
635
601
641
611
621
577
554
561
584
571
548
546
526
538
579
570
628
658
632
691
731
697
758
870
852
900
1047
1026
1189
1205
1167
1216
1319
1412
1396
1406
1455
1448
1477
1498
1534
1540
1589
1671
1581
1712
1789
1905
2313
2294
2247
2249
2281
2409
2619
2697
2728
2413
1990
1589
1168
843
668
516
465
387
309
252
207
204
197
188
168
129
156
114
131
119
132
108
104
108
96
99
96
115
91
108
108
100
104
97
99
113
95
106
116
95
105
107
103
96
98
104
99
92
101
91
108
90
114
107
105
83
102
129
102
97
118
87
110
116
96
88
97
108
85
86
111
88
103
98
102
99
96
94
92
79
82
84
109
103
91
106
104
107
88
89
102
93
111
85
91
93
87
99
112
102
116
122
125
104
95
130
142
108
126
162
167
136
146
176
160
205
280
394
389
419
464
178
