5
118
283
303
416
512
491
450
456
452
410
468
420
426
493
499
524
517
536
603
569
667
640
603
642
715
720
675
673
723
685
716
730
731
799
874
927
939
1064
1072
1131
1115
1046
1112
1111
1045
1127
1122
1082
1143
1188
1099
1118
1072
1017
995
955
1013
1067
1139
1261
1329
1276
1299
1329
1262
1311
1253
1357
1263
1254
1333
1293
1368
1346
1449
1282
1234
1262
1239
1231
1216
1216
1205
1228
1277
1203
1159
1173
1179
1295
1146
1226
1056
1087
1112
1045
1013
1011
1046
1102
993
1095
1053
1084
1091
1004
1025
921
949
975
947
928
890
851
804
770
857
771
764
711
704
696
682
647
665
615
628
603
600
570
578
555
501
579
533
472
476
469
436
432
429
423
407
422
453
409
362
370
406
393
364
335
352
387
360
338
342
317
332
364
363
310
305
348
297
315
331
318
287
292
263
314
273
321
254
232
243
245
272
248
255
262
274
231
233
213
228
244
230
182
234
220
180
176
195
163
170
175
150
144
143
139
139
142
144
119
126
122
124
132
125
136
130
128
148
119
123
111
139
130
131
134
114
114
118
115
136
134
129
134
130
133
130
144
157
151
171
171
191
174
229
252
342
467
587
869
997
789
610
346
181
113
134
92
15
