14
90
130
189
283
420
671
1388
1071
890
646
560
519
471
453
428
444
472
492
462
566
576
582
587
668
655
702
660
783
803
818
898
910
976
959
1054
1034
1060
1110
1100
1180
1152
1124
1147
1185
1261
1235
1264
1244
1228
1272
1325
1326
1309
1240
1219
1283
1207
1154
1104
1192
1225
1161
1170
1147
1131
1104
1049
1087
1091
989
967
924
917
905
927
947
966
1021
1013
1066
1104
1133
1170
1197
1217
1271
1312
1401
1499
1515
1705
1620
1743
1819
1820
2069
2052
2026
2041
2043
2004
1997
1970
1965
1989
1870
1828
1949
1947
1882
1968
2028
1996
1990
1994
1912
1794
1821
1637
1428
1256
1059
757
647
486
371
325
297
220
156
130
113
109
88
70
56
74
67
61
71
67
58
55
69
61
63
58
87
96
116
106
136
117
114
85
57
50
42
39
37
37
36
28
39
35
32
39
28
23
25
22
31
27
27
20
25
22
25
20
24
18
25
16
22
27
24
22
21
24
27
16
17
25
25
23
14
17
19
25
24
18
25
17
17
29
18
19
23
22
24
15
23
18
17
24
24
23
11
17
18
24
17
20
18
18
25
22
25
22
20
21
18
14
27
23
27
25
21
40
21
33
32
40
30
41
39
43
52
62
73
117
190
321
578
200
