0
0
0
0
0
1
5
15
42
39
90
263
126
28
21
17
40
97
186
293
454
553
478
487
467
534
526
583
658
640
684
645
562
521
470
407
357
341
288
256
242
312
342
443
525
529
474
572
637
750
713
633
746
1028
1199
1303
1466
1544
1649
1805
1839
1742
1832
2097
2493
2685
2671
2861
3140
3026
2473
2463
2324
2237
2035
2063
1920
1779
1515
1461
1416
1413
1357
1301
1307
1443
1504
1406
1233
1015
765
573
504
439
403
346
330
361
334
301
354
339
342
311
310
345
324
338
322
310
305
338
275
287
278
258
261
273
250
281
314
274
296
290
305
342
312
347
321
355
353
359
345
366
411
440
399
427
432
392
419
396
427
424
447
431
447
473
471
464
476
461
489
493
506
520
550
456
516
505
529
572
568
554
598
640
600
661
692
725
740
802
754
742
702
771
852
820
843
810
934
940
1007
1110
1124
1170
1265
1252
1133
1225
1203
1207
1201
1192
1171
1203
1056
1023
1020
990
877
662
594
588
551
385
300
212
206
128
80
50
46
26
39
29
18
10
7
11
5
6
7
10
6
5
8
5
7
2
4
6
4
5
1
4
3
0
1
1
4
2
3
1
3
4
2
0
6
5
6
5
4
1
0
0
