0
0
0
0
0
0
0
1
2
1
4
6
12
30
53
56
110
125
209
306
444
680
994
788
703
665
601
599
605
562
632
605
646
630
650
680
726
753
791
796
754
804
782
883
872
868
944
1020
1076
1013
1057
1113
1110
1106
1179
1158
1193
1251
1265
1323
1255
1267
1300
1382
1346
1435
1458
1500
1426
1477
1536
1565
1595
1538
1603
1672
1669
1671
1731
1723
1719
1693
1780
1818
1771
1841
1775
1695
1664
1798
1703
1733
1667
1687
1725
1730
1602
1636
1640
1558
1563
1511
1444
1531
1461
1462
1444
1420
1414
1378
1365
1334
1295
1224
1215
1212
1176
1194
1109
1099
1082
1048
1050
985
987
900
914
857
884
815
794
741
737
721
660
668
627
620
593
602
562
511
548
528
464
468
442
431
380
400
365
341
341
329
332
333
293
289
271
256
277
262
220
233
174
197
181
165
193
153
138
173
132
142
116
146
96
99
98
84
73
73
56
44
50
38
25
25
12
19
9
9
8
6
0
2
5
1
3
4
2
5
3
1
1
0
2
1
1
0
1
1
0
0
0
0
1
0
0
1
0
0
0
0
0
0
0
0
0
0
0
0
0
0
0
0
0
0
0
0
0
0
0
0
0
0
0
0
0
0
0
0
0
0
0
0
