0
0
0
1
7
4
5
3
14
6
2
5
9
8
5
12
11
26
38
95
196
320
357
459
507
594
679
714
740
787
748
687
649
632
588
565
486
491
487
443
462
373
424
398
404
363
419
413
404
403
413
409
400
430
424
421
442
469
445
431
443
417
396
452
412
478
468
462
491
507
534
505
473
496
522
557
507
511
502
506
497
550
537
532
541
515
517
504
507
506
521
551
545
534
526
552
575
575
591
594
593
586
568
591
583
590
591
625
599
562
592
605
632
621
650
624
612
674
665
697
730
690
708
698
724
775
794
762
853
794
786
869
847
907
918
833
907
962
981
980
975
927
954
977
981
1036
953
997
1008
961
1048
933
943
1006
914
909
942
887
878
838
912
885
847
857
861
840
761
781
751
767
701
767
717
649
678
610
596
599
598
594
582
584
522
530
524
507
473
456
441
401
427
403
362
360
346
349
338
309
296
320
345
385
428
486
527
561
580
711
803
820
885
925
993
982
1010
1088
1189
1005
1025
1107
1174
1188
1193
1165
1209
1289
1337
1319
1173
1376
1504
1658
1571
1324
1048
839
665
547
451
476
401
475
473
422
310
274
312
339
413
887
417
26
8
1
0
0
