0
11
22
59
90
216
1049
3110
2565
1219
887
581
431
328
228
219
190
186
167
132
150
149
125
131
120
121
115
105
79
102
105
100
83
87
84
85
81
97
95
102
83
90
102
102
80
94
86
94
86
95
69
88
88
93
97
97
98
88
99
95
106
104
120
118
114
128
98
135
142
138
119
152
122
159
143
140
148
151
168
186
200
213
228
257
272
277
325
328
324
335
345
385
432
490
513
521
537
628
657
668
682
736
782
818
808
882
875
941
930
939
980
1008
998
980
956
1012
1006
1004
1056
975
1002
963
949
982
1004
943
939
1013
976
976
1020
1027
1026
1012
1019
1054
1108
1094
1191
1135
1174
1222
1252
1300
1291
1321
1445
1477
1504
1649
1775
1821
1895
2029
2065
2063
2189
2315
2413
2464
2491
2552
2471
2535
2474
2391
2337
2372
2247
2154
2044
1999
1893
1793
1652
1607
1445
1433
1177
1140
1012
1004
865
809
805
742
691
697
632
558
538
485
493
415
417
334
332
313
287
246
225
220
205
162
167
150
124
129
99
82
76
79
84
78
61
62
67
60
50
59
59
35
49
31
31
39
33
26
28
25
26
25
23
10
21
18
8
22
11
16
5
2
1
4
6
0
0
1
1
1
0
1
0
1
0
0
