0
29
55
77
172
202
344
608
862
2048
3556
2153
1943
1805
1860
1670
1497
1371
1274
1121
986
940
810
787
731
701
697
633
616
630
630
581
628
614
596
590
598
585
538
594
599
607
628
643
618
641
608
578
593
595
558
611
596
671
605
599
578
622
577
603
651
605
652
659
606
640
628
607
608
548
585
617
672
625
641
614
634
639
704
659
710
736
710
745
772
748
743
691
711
644
738
681
753
688
707
750
685
711
755
746
775
728
774
834
855
804
796
875
851
860
866
884
884
881
928
908
929
909
866
798
916
846
837
832
926
895
891
868
915
872
881
911
893
918
930
887
905
949
918
871
821
819
789
800
799
747
783
765
771
746
677
746
713
736
732
721
709
648
745
730
714
717
760
740
695
724
738
666
643
700
628
653
592
586
577
549
532
531
504
517
468
515
442
430
512
413
406
388
381
384
390
318
345
323
281
324
277
264
266
293
290
304
294
290
263
282
263
240
193
190
139
149
151
140
128
105
119
94
97
98
81
77
72
93
74
63
70
59
83
84
77
73
88
81
70
90
85
75
83
96
89
96
109
142
143
188
225
295
402
504
564
527
247
101
36
1
