0
0
0
0
0
0
0
0
0
0
0
0
0
0
0
0
0
0
0
0
0
0
0
0
0
0
0
0
0
3
7
17
23
38
58
86
71
114
112
127
133
116
143
129
158
153
172
170
162
185
194
215
202
202
230
202
261
212
251
230
241
271
303
329
338
367
368
365
387
402
381
394
407
369
421
385
395
422
420
438
455
447
474
517
520
564
545
610
659
709
727
763
780
913
908
938
1049
1080
1083
1178
1258
1361
1340
1503
1557
1636
1702
1791
1931
2098
2180
2278
2399
2449
2566
2704
2611
2761
2606
2603
2653
2631
2569
2430
2329
2277
2200
2168
1980
1896
1741
1524
1411
1303
1244
1230
1179
1049
1098
1084
1113
1100
1034
1238
1173
1141
1257
1281
1253
1220
1317
1222
1245
1286
1273
1304
1287
1209
1222
1238
1141
1091
1060
1057
993
951
956
910
939
853
879
821
781
760
684
663
628
590
605
533
520
523
443
425
423
346
354
330
303
284
291
297
285
257
299
235
222
203
164
207
144
169
148
136
118
141
116
99
100
106
90
95
81
86
92
70
67
53
59
42
54
58
43
52
43
45
41
37
31
28
27
25
24
22
12
17
10
10
8
7
7
3
4
5
3
4
2
3
7
2
1
4
2
1
0
0
