0
0
0
0
0
0
0
0
0
0
0
0
0
0
0
0
0
0
0
0
0
0
1
0
0
2
7
4
7
24
51
108
144
156
207
203
209
209
261
289
305
333
305
326
334
359
388
389
410
446
437
520
544
542
539
609
578
580
521
492
457
446
425
384
390
390
408
414
409
448
453
523
501
527
524
555
599
666
631
727
704
798
872
857
909
1016
977
1025
1093
1066
1160
1117
1139
1170
1186
1236
1219
1201
1185
1237
1178
1322
1319
1251
1231
1272
1281
1350
1360
1369
1364
1417
1455
1433
1506
1503
1455
1475
1561
1577
1532
1616
1629
1620
1699
1723
1719
1844
1763
1916
1847
1814
1898
1886
1828
1779
1815
1732
1674
1479
1369
1263
1166
1092
934
821
767
680
573
512
549
525
459
459
425
455
393
429
429
424
416
406
451
453
451
441
475
452
483
478
479
487
504
487
503
516
547
549
478
527
521
497
551
482
530
507
503
443
454
476
486
470
468
408
414
366
361
367
386
387
333
331
301
327
317
287
313
306
307
330
266
306
272
277
232
261
259
264
247
267
265
245
251
221
235
287
225
292
280
226
267
218
226
256
218
241
224
248
312
248
285
337
303
285
279
252
311
290
309
293
284
346
343
418
786
1733
