0
0
0
1
3
3
7
10
11
16
18
11
8
5
13
11
15
23
18
26
23
30
33
44
52
57
63
84
93
105
128
111
141
127
151
129
168
181
196
185
192
228
214
209
230
196
231
240
255
260
306
282
272
272
300
295
312
303
348
363
378
357
400
399
418
403
405
477
442
465
501
528
498
506
539
532
606
602
579
624
642
693
713
723
730
808
838
810
808
851
951
927
976
1037
1074
1003
1148
1142
1198
1257
1310
1290
1273
1459
1467
1563
1564
1678
1581
1639
1831
1711
1915
1924
1973
2044
2007
2034
2061
2034
2064
2065
2032
2061
1915
2006
2082
1972
2046
1890
1847
1808
1766
1711
1736
1642
1611
1540
1454
1421
1358
1334
1299
1249
1187
1105
1093
1078
1020
1007
944
938
891
835
846
778
812
749
717
700
677
655
629
604
577
577
572
499
514
516
472
488
430
429
438
422
386
393
366
351
360
365
341
350
315
351
328
316
323
339
319
319
316
277
271
312
319
248
279
277
259
276
267
262
263
268
260
225
267
274
232
237
223
220
233
238
205
202
228
207
212
188
183
184
161
170
167
171
164
161
150
151
157
146
130
142
150
164
164
177
165
141
124
112
99
104
94
110
108
123
101
133
112
166
283
1405
