0
0
0
0
0
0
0
0
0
0
0
0
0
0
0
0
0
0
0
0
0
0
0
1
0
0
1
4
6
7
1
5
10
11
7
10
18
20
15
22
21
20
20
21
36
42
44
50
44
61
59
74
94
74
115
123
141
158
201
200
239
257
284
297
297
333
293
309
314
348
351
375
395
380
408
363
407
419
403
414
410
439
472
453
490
483
533
526
521
514
573
614
621
639
662
708
730
698
747
769
815
845
873
885
984
998
961
1061
1033
1076
1213
1196
1210
1230
1251
1322
1360
1433
1401
1513
1471
1605
1565
1599
1481
1515
1572
1642
1543
1568
1495
1560
1474
1550
1547
1469
1417
1447
1419
1426
1337
1392
1391
1375
1357
1309
1402
1333
1293
1341
1276
1320
1316
1335
1287
1234
1171
1204
1172
1189
1151
1055
1124
1041
1022
1044
1036
988
928
897
963
859
826
885
858
885
819
795
765
753
783
670
687
664
614
609
629
594
608
579
542
574
539
535
548
511
467
455
460
427
435
435
419
379
393
370
346
329
338
276
288
277
325
300
294
280
270
277
235
262
216
223
204
234
239
220
231
222
234
238
258
260
321
348
384
467
553
702
805
977
999
1000
863
876
774
816
718
546
513
541
681
740
749
579
522
148
