0
1
2
4
9
3
7
13
20
29
48
73
655
1134
1096
916
603
489
513
482
377
361
446
379
465
437
423
499
485
522
546
589
677
665
734
707
741
729
765
774
826
881
971
1112
1198
1341
1509
1681
1998
2516
2963
3131
2721
2023
1554
1134
925
839
744
687
672
669
688
688
722
816
861
994
1048
1236
1331
1486
1571
1694
1895
2009
1959
2028
1972
1986
2108
1970
1886
1841
1939
1866
1671
1563
1441
1439
1347
1291
1225
1166
1102
960
816
852
736
626
585
557
538
497
449
415
385
378
346
341
351
328
257
302
284
257
261
244
250
243
232
220
204
217
234
204
234
200
215
198
224
228
194
222
233
215
224
197
218
206
223
213
203
229
238
249
219
237
233
225
254
240
226
219
245
246
262
253
255
290
280
270
270
286
289
287
296
303
334
337
330
334
332
349
348
345
369
360
376
341
411
379
357
423
400
357
398
432
407
465
428
463
436
454
438
503
476
487
484
493
474
534
546
594
561
619
581
621
594
584
540
574
530
537
482
516
485
465
446
452
417
449
407
402
432
394
375
361
340
347
336
364
329
317
295
268
311
285
254
245
228
220
184
226
197
181
168
151
135
126
176
157
212
269
281
12
