0
1
0
1
1
3
2
16
19
24
43
87
144
248
285
280
323
350
350
368
464
609
696
753
852
1010
1142
1247
1529
1825
2040
2241
2560
3042
3434
3725
3949
3956
3896
3972
4126
4192
4161
4377
4215
4293
4371
4233
4094
3928
3682
3379
3220
3078
2982
2831
2653
2379
2150
1966
1748
1656
1512
1301
1295
1206
1098
1038
915
902
893
874
828
780
737
680
642
620
531
540
496
485
449
484
455
449
462
438
379
436
407
370
380
356
339
339
336
333
347
282
284
316
294
250
242
223
243
227
202
231
226
225
187
197
177
147
179
156
152
141
137
148
128
115
126
128
119
108
113
132
98
99
113
116
91
128
103
96
107
95
104
100
92
90
83
104
102
93
103
87
84
81
85
90
76
94
75
76
65
78
52
71
80
74
76
71
67
50
57
55
59
52
43
49
54
42
46
51
47
53
39
48
48
34
41
37
52
34
35
34
27
30
36
42
20
25
28
25
20
27
26
21
26
15
22
14
24
30
17
8
15
18
11
16
12
10
11
9
11
11
7
12
8
6
11
8
4
5
5
3
4
9
9
7
8
3
8
4
11
4
8
12
9
8
7
6
13
15
10
13
14
10
3
3
0
0
