0
0
0
0
0
0
0
0
0
0
0
0
0
0
0
2
3
4
6
11
28
70
130
199
277
320
339
298
291
244
236
193
190
174
193
186
219
207
246
235
248
323
287
298
315
350
348
345
357
361
340
413
390
362
356
406
394
414
363
366
379
442
409
371
404
394
408
414
432
382
422
439
422
409
388
408
406
429
419
420
412
441
420
464
500
499
501
515
522
575
603
601
679
666
688
693
717
736
817
769
842
900
886
870
904
993
1017
1028
1036
1132
1193
1148
1133
1283
1212
1315
1265
1290
1357
1421
1361
1443
1395
1460
1441
1501
1477
1464
1540
1417
1435
1420
1507
1435
1488
1490
1530
1422
1491
1406
1312
1375
1305
1353
1280
1276
1261
1251
1194
1147
1135
1169
1085
1027
1014
1033
1021
1006
1012
996
1074
919
937
956
948
941
924
882
935
881
891
855
868
863
814
833
802
778
768
758
663
712
681
724
690
677
634
651
619
633
552
609
620
546
548
509
571
572
564
539
515
520
525
529
555
582
570
557
598
616
554
614
551
602
592
592
609
554
550
494
458
441
459
445
453
405
369
397
368
320
329
300
284
330
278
238
263
242
181
157
135
94
69
53
48
31
31
19
16
12
3
1
0
0
0
0
