0
0
0
0
0
0
0
0
0
0
0
3
5
4
21
42
114
137
133
124
167
153
184
199
218
240
283
300
319
328
322
364
378
426
411
454
535
508
468
540
547
568
510
476
504
467
414
432
374
376
389
346
312
318
320
318
276
292
267
277
261
250
280
270
257
239
253
257
207
247
234
237
244
225
191
225
201
218
235
204
202
215
188
191
202
214
198
205
209
177
221
200
178
178
195
178
173
158
159
194
183
195
164
195
187
196
195
187
197
183
206
189
222
231
213
247
210
222
226
248
228
257
220
247
243
201
241
239
251
226
242
225
233
224
192
191
212
218
219
208
212
214
224
210
267
272
273
268
262
274
275
275
298
282
330
322
305
333
333
370
406
405
427
464
509
503
539
511
515
518
546
589
634
661
696
703
673
717
713
742
801
809
840
884
990
1126
1248
1629
1981
2615
3339
4334
5094
5621
5737
6629
7904
8147
7344
6816
6353
4989
4292
3384
2841
2394
1838
1337
998
758
478
278
171
125
107
103
96
72
91
63
54
51
30
30
32
31
14
19
10
16
5
12
9
2
5
1
1
1
0
2
0
1
1
2
0
0
0
0
0
0
0
0
0
0
0
0
