0
0
0
1
1
13
24
35
76
156
204
357
668
655
567
687
761
741
816
848
790
803
705
728
754
797
818
748
800
848
901
883
797
855
841
886
1006
1112
1141
1201
1169
1170
1265
1272
1260
1357
1423
1490
1643
1542
1585
1623
1621
1620
1605
1575
1619
1598
1564
1609
1649
1769
1763
1775
1771
1657
1755
1708
1511
1531
1581
1484
1573
1392
1364
1362
1325
1263
1190
1134
1129
1131
1015
1023
989
977
890
922
877
901
818
817
776
794
794
768
734
727
734
673
682
656
672
636
633
614
632
605
576
532
580
531
528
534
483
545
484
474
467
518
463
440
449
427
461
426
453
415
441
413
377
410
429
403
415
362
388
383
384
391
403
369
361
390
368
345
323
329
335
309
311
321
327
301
363
365
350
313
336
333
337
354
342
325
317
287
307
307
325
306
281
291
279
312
311
301
302
327
324
337
337
370
358
349
357
354
375
354
360
378
407
380
408
401
422
473
521
564
622
542
609
671
632
647
726
654
533
468
380
304
262
290
283
325
284
285
339
290
309
295
320
281
255
263
253
232
247
208
194
181
133
128
94
49
32
20
14
12
9
7
10
3
8
3
3
2
3
0
0
1
1
0
1
0
0
0
