0
0
4
0
5
9
22
51
64
125
196
6150
5251
2558
2314
2485
2402
2169
1816
1538
1564
1367
1314
1140
1024
951
775
809
690
648
554
535
531
471
475
482
479
445
455
453
446
421
407
418
432
438
429
425
423
427
427
472
477
415
469
487
457
502
512
506
527
536
523
487
509
585
538
544
596
576
563
591
558
546
561
630
640
667
628
615
626
668
659
624
677
661
672
645
677
692
718
653
706
745
718
706
741
781
745
795
816
748
854
854
789
818
886
849
912
916
901
875
979
947
930
960
949
1056
966
1038
1068
996
1030
1083
1083
1022
1077
1070
1099
1095
1071
1051
1045
1051
1091
1098
1058
1016
1023
1042
993
1015
1028
962
977
998
885
900
885
908
867
871
851
812
871
880
789
760
754
751
702
673
717
656
661
650
633
604
575
579
579
524
550
533
499
501
474
490
451
475
444
449
431
404
352
356
383
352
303
298
293
298
272
253
280
236
224
214
212
178
186
149
156
165
128
126
116
118
121
99
104
71
95
82
72
69
60
59
46
56
49
50
41
54
47
39
47
34
41
24
41
48
33
35
46
37
50
38
35
34
26
22
22
21
18
9
8
6
0
1
0
0
0
0
0
0
