0
0
0
0
1
3
2
11
14
39
90
235
875
2769
4097
3334
3017
2697
2327
2187
2151
1920
1857
1757
1645
1761
1602
1587
1641
1618
1583
1604
1489
1620
1513
1519
1555
1578
1548
1685
1693
1693
1715
1794
1808
1915
1984
1971
2180
2112
2087
2277
2235
2351
2481
2534
2641
2604
2505
2711
2655
2841
2730
2711
2668
2696
2538
2356
2191
1948
1877
1791
1585
1518
1378
1285
1193
1078
1005
890
792
776
725
654
620
549
543
521
433
439
389
421
440
373
381
310
324
267
295
296
276
259
243
242
218
236
198
186
178
160
162
135
135
157
140
118
129
126
104
108
120
99
105
94
117
91
103
87
88
78
85
85
94
70
88
60
67
68
64
71
75
66
54
57
61
58
59
46
43
51
53
61
60
45
49
38
46
41
40
45
53
39
42
31
33
31
27
41
32
37
37
20
27
24
32
31
21
22
22
30
20
25
26
19
20
30
33
40
32
23
42
29
22
27
39
41
29
19
24
18
21
14
10
11
17
8
13
10
6
4
6
3
6
6
2
5
6
5
5
4
1
7
6
2
3
2
4
3
4
1
4
0
1
0
2
1
1
0
1
1
0
0
1
3
2
1
0
0
0
1
1
0
0
0
0
0
