0
0
0
0
0
0
0
2
0
1
1
9
85
86
174
314
387
502
638
670
717
679
749
701
788
794
868
905
933
914
974
1022
1040
968
1030
947
1077
1043
1142
1114
1139
1130
1256
1208
1306
1313
1309
1348
1321
1413
1468
1508
1673
1671
1656
1701
1731
1759
1826
1808
1897
1894
1961
1893
1891
1885
1996
1845
1823
1748
1673
1705
1628
1532
1500
1432
1314
1324
1168
1187
1115
1046
1024
1053
893
874
821
837
827
780
790
705
700
564
586
532
480
453
413
388
393
352
352
304
306
293
327
283
274
280
269
274
308
260
244
255
263
266
242
217
217
233
222
237
251
235
242
241
262
256
263
283
252
265
258
284
271
284
310
286
313
316
342
343
346
337
357
345
351
372
389
394
417
428
420
413
466
454
440
469
446
485
517
534
500
436
457
453
437
466
481
506
479
490
492
491
529
544
601
588
635
664
689
715
798
823
859
966
998
1059
1075
1148
1088
1171
1122
1147
1191
1102
1080
974
978
902
789
652
656
530
487
392
344
313
217
228
171
146
129
89
83
73
62
53
57
24
29
28
15
13
14
14
11
7
10
9
4
3
4
5
1
1
0
1
0
0
0
0
0
0
0
0
0
0
0
0
0
0
0
0
