0
0
0
0
0
1
1
9
19
49
190
9185
34573
16195
7846
6903
5137
4059
3179
2780
2412
2026
2014
1829
1662
1482
1467
1326
1211
1124
1045
1073
1023
907
882
896
844
833
818
774
744
719
649
615
690
628
637
605
615
629
661
728
709
686
696
681
693
645
651
683
766
785
804
773
747
731
680
656
594
625
557
565
541
505
499
484
518
495
486
430
408
383
332
310
318
301
292
274
255
267
218
217
197
197
189
197
199
187
169
171
150
161
141
148
120
136
101
98
91
94
80
80
76
85
59
72
68
67
58
70
67
52
50
59
63
67
50
59
58
66
58
66
63
52
57
57
55
41
60
55
52
49
57
45
56
45
55
58
49
43
54
56
42
49
62
49
45
51
42
45
47
45
50
48
44
45
43
54
43
46
45
40
35
40
33
35
37
43
37
40
24
36
32
37
39
53
40
38
43
37
37
43
41
41
35
43
34
39
32
46
37
30
40
32
36
32
36
37
39
48
27
28
41
27
32
32
32
32
33
33
23
34
41
31
22
31
25
29
25
29
42
18
24
29
31
30
22
33
19
34
34
36
30
33
37
60
77
119
144
149
158
59
10
5
0
0
