0
0
0
0
0
0
0
0
0
0
12
20
59
78
188
630
9979
23235
26866
14512
10220
6799
3892
3090
2562
1801
1325
1055
898
748
713
667
599
573
511
550
514
497
461
407
483
504
479
452
414
414
428
384
413
432
408
389
393
424
360
393
375
341
395
384
399
360
408
404
351
380
387
370
366
363
421
408
406
380
398
388
380
404
358
390
408
396
373
353
418
361
347
368
342
350
396
346
333
332
332
356
314
324
299
319
318
296
345
308
287
313
285
295
320
304
276
296
259
282
245
262
234
239
263
233
242
264
243
236
224
238
217
210
208
222
212
234
206
204
206
213
183
184
175
175
187
163
199
160
182
172
182
164
173
143
138
158
147
144
127
151
152
125
138
125
137
120
118
123
131
90
114
105
101
95
92
98
106
93
96
94
95
118
89
86
84
91
80
81
67
98
81
68
76
44
69
60
81
52
70
36
51
56
64
62
47
41
39
47
53
40
49
48
44
41
58
39
32
43
32
35
36
30
32
39
33
21
37
23
32
15
24
17
26
31
15
17
27
22
17
16
22
9
16
12
18
14
6
9
7
4
4
2
3
2
2
1
0
0
0
0
