0
0
0
0
0
0
1
0
1
1
8
11
61
83
176
504
566
629
512
489
600
726
707
617
596
645
814
894
940
928
1015
1104
1041
1185
1469
1640
1717
1703
1830
1729
1677
1803
1801
1797
1846
1881
2005
1992
2143
2235
2512
2520
2751
2624
2691
2704
2531
2375
2327
2167
2012
1838
1806
1793
1832
1681
1567
1635
1574
1561
1501
1520
1484
1415
1366
1307
1330
1312
1306
1296
1236
1247
1333
1377
1315
1423
1371
1368
1321
1381
1380
1397
1392
1454
1316
1374
1358
1284
1310
1281
1237
1297
1164
1222
1144
1097
1086
1067
1034
990
1015
951
1014
940
861
823
809
691
667
652
622
503
471
503
443
368
340
323
302
306
256
245
213
205
182
149
139
138
136
117
95
107
95
83
65
53
54
49
57
24
37
33
37
26
32
29
25
26
19
19
21
16
12
11
6
12
11
8
8
12
10
10
4
8
6
4
5
4
2
4
4
4
5
0
1
1
1
7
3
3
2
3
3
4
3
4
4
2
6
5
5
4
5
2
1
4
6
4
5
1
5
6
4
2
2
2
1
2
2
5
2
1
5
4
0
2
5
1
2
1
1
1
1
1
0
1
0
0
1
0
0
0
0
0
0
0
0
0
0
0
0
0
0
0
0
0
