0
0
0
1
0
2
3
2
5
8
9
28
16
31
45
43
43
74
68
100
77
87
98
123
157
155
143
194
193
254
286
266
300
331
381
503
414
451
447
506
503
495
501
538
537
545
609
630
654
643
712
750
841
988
1095
1114
1104
1258
1236
1203
1302
1265
1200
1127
1065
1000
910
963
799
783
748
692
666
620
617
621
566
607
604
655
767
886
1080
1205
1503
1582
1830
2061
2151
2335
2615
2692
2659
2517
2435
2186
2028
1883
1786
1614
1349
1199
948
826
666
668
537
504
443
499
430
453
418
365
350
390
358
412
435
384
399
382
410
368
360
383
376
410
387
412
434
405
442
404
382
403
375
320
312
277
255
240
254
228
257
250
241
231
265
292
292
300
296
321
312
317
340
360
354
343
358
389
350
391
366
323
336
310
307
283
301
274
272
255
238
237
229
219
197
190
225
180
172
164
161
157
148
142
164
149
152
150
150
141
144
130
138
153
166
152
210
194
206
201
243
278
310
351
405
437
474
597
660
743
806
991
1087
1226
1373
1474
1582
1730
1821
2018
2059
2187
2275
2678
2429
2760
2512
2253
2057
1347
1108
365
209
94
62
31
30
19
15
6
2
2
2
2
5
3
7
12
23
19
0
0
