0
4
12
16
45
47
110
208
302
575
615
800
909
806
884
841
822
931
808
871
951
922
1083
955
1043
1147
1105
1266
1245
1180
1371
1262
1333
1425
1366
1530
1497
1575
1618
1521
1580
1597
1570
1624
1584
1556
1593
1528
1518
1492
1461
1541
1489
1368
1386
1423
1403
1451
1379
1385
1426
1405
1342
1444
1398
1372
1411
1399
1418
1365
1415
1369
1443
1393
1463
1406
1382
1351
1367
1328
1384
1333
1310
1315
1275
1351
1239
1227
1175
1251
1140
1173
1078
1122
1072
1071
1035
953
995
953
938
911
837
839
834
793
750
793
731
709
680
633
638
597
569
591
580
616
525
524
479
478
449
466
449
436
439
421
370
361
398
319
346
325
347
277
309
304
310
289
313
288
258
265
229
241
249
263
228
251
219
201
220
191
205
177
198
184
189
160
179
153
164
168
183
166
146
151
155
153
158
146
123
113
114
145
119
126
116
122
105
96
103
110
105
99
88
116
92
92
105
101
98
78
92
94
88
90
98
84
92
93
85
88
95
80
89
78
87
74
63
88
85
74
92
93
94
99
105
113
106
104
123
114
101
127
113
113
118
114
128
91
104
102
89
98
99
119
125
150
159
198
267
295
316
400
431
421
355
197
51
5
0
0
0
0
