0
0
0
0
0
0
0
0
0
1
0
3
2
3
2
3
6
5
13
16
31
73
108
168
256
309
402
506
635
657
750
792
835
827
869
912
886
901
873
972
939
896
878
887
869
867
948
953
932
887
943
940
992
965
945
1047
1050
1086
1094
1248
1289
1383
1558
1658
1812
1714
1754
1709
1578
1679
1543
1523
1512
1570
1555
1553
1601
1668
1739
1974
2152
2162
2032
1926
1889
1820
1753
1654
1627
1595
1632
1692
1652
1625
1686
1687
1722
1831
1751
1795
1763
1747
1653
1709
1739
1694
1659
1594
1529
1420
1177
1110
991
971
913
897
830
810
826
775
754
742
659
725
714
744
667
621
648
690
594
608
564
558
567
575
539
535
533
528
514
511
449
449
454
489
455
436
413
388
427
426
403
383
398
353
346
309
337
319
293
285
261
289
273
243
241
246
248
239
241
240
226
209
208
251
235
195
231
254
245
218
240
238
206
243
189
184
174
158
140
128
123
136
115
76
77
63
66
51
37
46
45
38
29
22
24
16
19
16
17
16
11
13
17
16
10
13
10
8
9
9
8
12
5
7
5
13
4
6
2
5
1
2
6
4
2
1
2
4
5
2
3
3
1
6
0
2
1
1
1
0
0
0
0
0
