0
0
2
4
15
34
62
97
191
382
599
1371
647
408
350
283
312
289
274
274
298
335
328
352
346
409
371
381
375
344
362
360
381
336
357
346
337
351
363
310
336
350
316
360
309
335
322
363
358
390
372
349
384
371
417
383
394
368
388
390
463
432
445
430
511
429
446
460
429
493
498
472
534
510
488
510
560
554
569
581
575
569
600
584
625
628
674
680
753
756
732
762
765
783
822
886
963
906
1004
1091
1179
1316
1398
1551
1549
1604
1734
1809
1718
1931
2009
2017
1963
1985
2005
2150
2172
2128
2111
2047
2095
2040
1968
1934
1908
1799
1691
1493
1438
1357
1334
1210
1210
1091
1038
957
946
864
832
821
813
767
759
790
737
776
713
751
775
717
788
758
750
740
745
804
719
707
752
723
692
659
733
709
670
671
691
725
669
623
668
696
643
654
630
671
638
606
629
626
635
629
566
619
561
624
604
573
634
537
545
501
520
515
514
496
478
492
468
439
402
389
379
353
232
280
216
191
179
155
121
136
110
112
110
98
90
93
91
93
80
78
64
67
69
68
75
62
50
58
63
48
55
36
44
51
47
45
35
41
34
55
46
52
60
56
101
119
142
97
52
15
3
1
0
0
