0
4
19
17
61
54
101
174
201
370
547
2912
1224
956
824
690
615
634
542
485
494
513
533
555
647
684
651
675
729
642
700
679
719
726
682
785
723
733
843
848
926
912
979
1042
1006
1154
1181
1204
1218
1204
1234
1304
1310
1371
1328
1316
1292
1314
1215
1268
1240
1173
1172
1098
1131
1051
1104
1059
1016
1034
975
969
999
920
948
931
968
983
969
974
995
1016
992
1084
1069
1076
1173
1178
1210
1282
1264
1375
1364
1344
1473
1452
1531
1496
1475
1411
1439
1240
1273
1296
1266
1204
1155
1153
1134
1118
1096
1120
1067
1062
1009
976
994
937
894
897
844
804
838
842
833
832
756
739
721
711
707
721
698
687
682
648
646
637
634
626
636
643
629
616
559
564
560
514
511
474
500
521
446
435
462
439
421
370
423
397
393
382
397
368
351
319
345
360
317
312
303
313
292
303
290
316
285
278
278
275
257
270
239
217
222
244
232
213
233
220
178
216
187
201
197
198
194
168
174
194
188
170
198
165
179
180
164
163
133
109
106
103
89
65
73
78
59
57
50
53
53
31
39
41
40
40
33
39
23
30
24
19
14
11
10
8
10
8
3
3
0
2
2
2
1
1
1
0
1
0
0
0
0
0
0
0
