0
1
0
2
4
9
25
82
153
294
485
705
596
488
412
328
350
339
382
369
393
459
424
476
452
450
465
481
458
497
480
460
484
496
539
499
558
592
677
670
681
762
788
790
813
809
821
799
821
773
732
719
732
730
720
699
702
717
703
732
824
802
781
839
751
842
855
818
862
847
787
844
806
783
769
713
792
770
801
764
765
771
746
737
696
779
697
648
722
752
737
753
725
686
713
773
741
715
742
746
748
772
840
793
832
847
884
905
881
853
934
926
929
980
1036
1058
1041
1030
1106
1084
1157
1110
1125
1182
1178
1200
1263
1160
1226
1282
1272
1271
1335
1259
1292
1238
1249
1373
1394
1396
1324
1366
1341
1349
1355
1311
1361
1261
1291
1244
1227
1168
1154
1213
1103
1144
1027
953
1006
962
872
886
865
836
805
766
710
656
622
606
608
553
530
523
481
461
452
424
387
411
341
339
361
308
314
254
303
250
244
227
222
201
196
202
212
202
173
185
190
214
159
172
192
181
192
176
169
193
182
170
163
182
160
182
179
195
192
191
191
190
192
210
194
192
215
208
213
211
232
204
215
193
181
177
157
163
163
161
134
120
114
121
107
119
106
108
82
95
88
94
100
111
36
10
0
0
