0
0
0
0
0
0
1
0
2
4
6
11
16
19
32
26
55
75
105
105
151
218
197
256
281
346
741
372
301
250
267
223
225
232
202
214
205
209
221
227
212
227
232
252
262
260
245
261
264
260
293
320
320
337
357
369
412
458
414
460
512
542
561
640
641
683
719
721
759
800
853
935
1002
1014
1099
1237
1354
1524
1516
1858
2249
2567
2731
2882
2919
2749
2449
2498
2396
2322
2450
2403
2526
2484
2353
2524
2435
2168
2055
2209
2048
2048
2058
1914
1883
1918
1885
1905
1889
1898
1896
1801
1688
1650
1550
1530
1320
1284
1264
1250
1188
1182
1126
1108
1079
1076
1143
1119
1024
957
948
856
852
890
806
790
778
720
746
747
786
782
747
744
760
733
763
774
729
727
725
766
788
684
615
627
606
539
572
553
473
487
500
422
402
469
392
416
347
277
230
231
207
162
147
135
121
126
107
93
74
67
48
57
33
33
28
21
10
12
8
10
11
12
6
9
5
7
4
2
2
2
2
1
0
0
1
1
1
0
2
0
0
0
1
2
0
0
0
0
0
1
1
0
0
0
0
0
0
0
0
0
0
0
0
0
0
0
0
0
0
0
0
0
0
0
0
0
0
0
0
0
0
0
0
0
