0
0
0
0
0
0
4
3
15
32
49
103
188
342
851
3728
3745
3111
2354
1983
1721
1564
1565
1602
1610
1671
1630
1640
1603
1634
1610
1595
1553
1658
1578
1627
1617
1558
1642
1637
1611
1672
1808
1706
1720
1735
1700
1682
1694
1594
1498
1395
1360
1273
1141
1108
1028
985
897
869
868
726
728
626
600
547
537
499
476
451
483
430
420
422
406
432
430
400
392
389
411
371
397
383
338
395
394
381
341
361
380
362
356
404
362
378
394
382
396
455
426
464
471
497
507
508
566
513
588
610
629
679
712
754
764
764
804
811
921
922
953
978
1007
1031
1063
1076
1049
1113
1160
1178
1143
1149
1267
1152
1172
1167
1229
1220
1166
1099
1121
1128
1102
1149
1185
1110
1095
1074
1025
990
942
893
836
810
759
707
654
538
541
490
443
385
341
330
308
211
204
165
165
121
111
82
65
81
66
72
56
78
67
70
62
58
62
57
45
46
66
41
58
63
47
58
54
49
59
71
53
58
55
67
68
69
59
73
55
63
48
59
56
59
50
56
34
37
29
25
28
24
29
23
22
20
8
8
11
12
11
10
9
9
13
6
3
13
8
14
11
5
8
14
10
6
3
11
10
4
3
4
2
2
2
2
0
0
0
0
