0
0
0
1
4
14
33
49
110
314
1051
30898
7341
5811
3488
3339
3021
2731
2698
2564
2652
2915
3075
3077
2811
2718
2772
2636
2563
2635
2443
2365
2423
2776
3084
3058
3100
3073
2838
2433
1997
1610
1266
1124
914
820
732
716
668
634
613
636
592
600
618
536
520
527
499
490
443
398
435
400
379
385
357
316
363
315
337
325
365
363
312
303
290
266
265
223
262
223
219
220
159
172
174
153
137
100
108
100
92
86
80
80
84
67
60
57
66
61
62
41
51
49
54
46
57
51
39
43
58
62
66
62
55
65
68
86
63
63
79
58
56
71
65
76
89
71
95
93
84
85
82
76
80
87
77
95
87
85
91
80
90
104
82
81
90
85
66
89
89
89
72
89
79
95
86
87
114
90
83
95
99
84
75
98
103
106
103
107
109
103
95
110
86
87
88
80
84
93
89
84
68
79
80
83
84
81
80
72
53
81
77
68
66
70
60
56
49
58
52
59
60
66
54
51
43
62
61
59
59
52
54
54
48
45
33
41
33
37
31
28
23
19
35
17
22
17
26
21
24
27
9
32
29
24
21
31
24
26
33
29
37
31
36
54
99
140
1
0
0
0
0
0
