0
0
0
0
0
2
6
10
33
105
279
2561
7793
4324
1998
1195
855
691
570
537
423
350
344
286
227
225
229
211
150
168
150
131
120
115
99
76
113
94
95
80
65
73
75
72
66
54
62
47
69
63
75
60
57
59
57
54
73
106
165
279
460
684
801
776
883
1139
1523
1731
1937
2061
2145
2084
1927
1801
1587
1168
792
539
350
242
199
226
283
439
595
788
1002
1182
1312
1425
1702
1709
1688
1618
1576
1399
1263
1031
843
710
610
498
410
401
389
348
425
403
359
359
325
339
340
379
457
601
784
931
978
1033
1102
1048
984
1005
783
773
619
518
421
304
194
130
95
60
52
41
29
49
65
85
157
271
335
391
462
536
525
596
622
685
779
861
838
774
795
714
625
574
502
479
478
524
536
521
399
266
232
158
147
142
189
146
140
115
66
54
39
31
26
34
76
94
77
79
64
32
15
10
16
21
9
19
37
55
102
223
339
545
747
995
1100
1290
1449
1598
1816
1861
2063
2216
2438
2788
3225
3656
3883
3727
3385
2988
2329
1512
732
285
95
18
6
0
0
0
0
0
0
0
0
0
0
0
0
0
0
0
0
0
0
0
0
0
0
0
0
0
0
0
0
0
0
0
0
0
