0
0
0
0
0
0
0
0
0
0
0
0
0
0
0
0
0
0
0
2
0
2
2
2
8
17
28
47
52
70
77
84
110
117
105
135
200
501
809
1085
1486
1566
1764
2037
3010
3985
4243
4689
5184
5019
4829
4092
3645
3089
2569
2107
1615
1344
1102
869
830
707
594
587
468
451
423
373
314
332
291
272
295
341
347
340
379
403
360
337
360
316
320
302
249
258
236
219
191
199
167
166
175
181
146
137
143
135
148
163
158
170
182
164
172
168
196
206
194
207
183
201
208
226
208
219
206
189
166
174
196
192
171
167
150
189
189
166
171
167
192
203
159
192
172
178
164
166
192
142
165
190
193
172
146
161
169
164
149
172
173
161
163
171
188
162
183
170
155
164
152
168
157
173
167
154
182
180
195
196
182
214
160
205
197
183
202
217
199
237
200
227
205
211
232
247
242
237
227
250
245
254
254
230
229
246
260
229
256
258
271
286
253
271
293
262
293
313
235
306
265
331
303
321
308
327
310
336
354
343
353
365
371
374
381
379
367
388
421
405
455
434
449
498
505
513
515
536
586
629
673
693
721
801
897
1109
1485
2194
3338
5853
11384
14636
2178
37
0
0
