6
101
144
162
338
342
549
902
1197
2200
4067
23285
8108
5177
3959
2922
2308
1973
1651
1489
1350
1311
1179
1135
1135
1093
979
974
946
879
903
903
901
863
794
836
782
781
736
789
777
787
694
729
768
730
737
768
751
803
787
693
709
768
791
774
787
731
760
741
821
809
822
769
830
837
766
829
850
835
900
823
902
849
867
882
917
912
926
934
919
909
880
908
878
871
857
803
823
752
750
663
689
666
606
646
569
549
542
504
528
458
449
445
360
400
341
383
336
354
321
312
329
307
287
256
278
294
308
287
259
271
278
262
232
257
272
249
238
265
255
213
268
253
244
242
242
234
218
207
230
205
222
203
207
210
215
221
229
190
186
215
206
174
176
215
195
173
192
196
183
179
190
156
186
163
193
163
173
179
150
161
169
157
158
125
154
179
158
167
178
151
118
151
148
150
147
140
143
152
158
162
156
125
126
127
133
127
126
141
129
118
121
116
130
104
137
118
109
115
124
112
122
102
97
110
125
116
128
120
102
113
115
127
111
112
111
119
111
123
108
109
116
117
89
81
84
87
90
95
99
111
86
95
63
60
26
20
8
4
2
1
1
0
0
0
