0
0
0
0
0
0
0
0
0
2
4
9
26
55
240
598
141
50
40
38
76
230
384
323
288
252
322
368
402
445
506
490
465
469
482
525
547
581
606
527
555
552
569
548
530
569
700
810
948
1112
1295
1479
1616
1654
1627
1524
1331
1285
1103
1050
1002
990
971
927
950
848
753
691
678
613
654
608
663
603
666
629
628
660
617
617
667
592
559
547
557
578
580
639
704
813
944
995
1121
1191
1307
1234
1140
985
924
934
956
918
1006
944
932
864
816
701
682
525
478
458
397
427
356
370
375
338
324
376
386
368
390
415
421
406
395
341
322
350
315
323
324
342
393
434
476
540
539
557
578
569
574
559
538
612
581
597
601
651
663
685
715
791
825
896
899
989
989
1075
910
844
897
969
1008
1111
1261
1354
1372
1424
1419
1417
1406
1367
1370
1293
1241
1220
1248
1234
1223
1050
866
618
542
505
446
444
394
388
370
366
326
342
316
306
292
281
301
268
262
269
225
256
236
261
238
254
282
269
301
326
329
298
400
377
380
437
458
413
433
391
431
413
429
444
482
520
508
518
447
468
436
423
428
428
546
536
613
551
647
639
710
763
698
699
770
808
839
789
475
34
11
0
0
0
