0
3
5
10
31
43
125
185
351
738
1570
50043
3544
2286
1799
1511
1411
1319
1123
1144
1057
1069
1005
983
953
1009
1010
1024
1014
1013
1131
1036
1016
1011
1049
960
963
885
844
781
786
771
790
839
800
726
775
766
765
815
714
780
766
761
732
718
716
720
695
719
685
660
670
689
709
706
683
643
617
675
635
647
627
611
631
636
613
593
646
600
632
641
628
645
630
611
599
570
563
620
564
537
574
538
489
537
483
505
480
450
462
462
446
471
447
390
406
423
407
378
400
373
355
372
324
334
333
297
292
299
272
277
258
241
263
250
254
243
211
234
226
206
236
229
230
231
214
229
212
218
243
216
225
189
238
189
198
191
189
165
160
175
195
198
181
204
204
217
185
197
172
198
173
161
184
146
135
166
146
172
137
142
143
142
131
129
128
141
133
129
141
114
119
121
137
107
104
125
121
116
110
121
86
117
102
125
135
105
97
105
89
101
113
73
99
100
86
86
87
96
95
102
103
103
95
83
109
83
94
85
124
108
123
115
120
119
138
128
96
111
121
96
100
113
117
99
83
123
122
157
164
186
148
185
154
152
146
178
208
224
216
65
16
4
0
0
