0
0
0
0
0
0
0
0
2
0
4
8
10
12
25
47
138
537
12269
5053
3553
2642
2179
1924
1693
1511
1310
1268
1242
1169
1127
1166
1142
1091
1010
1084
991
996
1097
1031
997
1005
935
875
741
721
703
651
654
646
566
658
592
640
621
589
535
546
499
518
504
461
443
452
450
410
416
395
420
460
445
424
429
422
380
403
363
392
347
377
371
334
364
340
333
365
342
361
316
297
317
312
297
289
270
285
268
258
265
253
239
244
261
247
237
228
256
222
254
255
256
252
248
234
255
252
202
234
203
238
237
254
261
237
276
274
276
285
291
272
286
329
308
350
328
315
320
321
357
358
391
425
385
383
412
389
426
414
428
429
500
537
509
546
604
583
555
521
630
702
685
676
677
634
680
697
752
777
760
734
798
814
826
721
791
863
879
894
846
883
825
861
896
820
982
889
906
986
1143
958
1073
1028
1021
974
1053
1018
1031
1110
1051
1032
1062
957
951
890
865
891
805
858
830
837
767
761
681
574
580
570
548
563
601
657
681
660
614
505
442
371
348
329
262
261
217
272
287
336
352
334
215
62
36
28
34
29
30
32
37
34
39
48
58
74
110
174
201
177
216
30
