0
0
0
0
0
0
0
0
0
0
1
3
9
14
6
67
99
82
91
79
73
67
67
66
87
65
87
84
66
94
61
79
78
76
90
96
86
73
93
118
88
102
101
105
117
100
97
100
91
111
85
96
113
97
126
114
114
101
92
67
72
64
58
55
52
46
45
49
55
44
49
50
42
40
43
48
49
43
53
46
32
44
45
50
35
41
36
42
36
60
38
38
41
50
40
42
47
38
37
35
45
42
41
54
55
55
70
102
129
145
228
246
306
372
409
456
520
596
673
762
932
972
971
1004
1136
1108
1122
1156
1210
1144
1099
1113
1118
1123
1115
1128
1016
1001
974
991
917
899
879
832
765
776
684
645
662
570
576
577
533
524
577
517
516
514
494
592
565
538
587
608
645
742
710
782
823
931
958
971
986
1050
1080
1199
1194
1457
1536
1566
1598
1770
1847
2062
2291
2566
2607
2728
2868
2986
2953
3085
3273
3364
3357
3406
3057
2556
2182
1841
1512
1406
1334
1209
1069
962
802
760
661
570
454
410
352
375
380
344
378
368
389
379
397
402
402
371
371
365
380
388
381
396
370
411
452
417
375
395
389
416
384
365
417
436
390
449
435
453
460
542
599
762
1039
1842
2736
3086
1689
108
