0
0
0
0
0
0
0
0
0
0
0
0
0
0
0
0
0
0
0
0
0
0
0
0
0
1
0
0
0
2
2
3
2
2
1
8
2
2
4
2
6
9
7
5
6
7
6
2
6
2
2
8
4
5
6
4
10
7
4
7
9
6
7
9
9
14
17
30
26
31
42
62
83
126
169
197
235
250
242
239
219
244
217
211
265
250
311
368
437
530
609
758
907
1045
1147
1135
1104
1107
1157
1312
1464
1827
1966
2068
2259
2317
2392
2356
2468
2443
2549
2811
2807
3017
3082
3201
3432
3535
3537
3341
3433
3491
3471
3327
3372
3532
3261
3088
3141
2882
2967
2908
2578
2372
2626
2639
2533
2603
2511
2519
2641
2531
2252
2125
1956
1666
1547
1361
1247
1093
878
818
771
717
538
414
339
514
713
701
473
210
110
93
112
98
92
95
90
86
80
127
118
92
71
38
25
17
3
9
5
4
4
5
7
12
3
1
4
3
4
3
4
5
5
5
7
6
5
2
1
4
2
3
1
4
2
1
2
1
0
4
3
2
1
1
0
2
1
1
0
2
0
0
0
0
0
0
0
0
0
0
0
0
0
0
1
0
0
0
1
0
0
0
0
0
0
0
0
0
0
0
0
0
0
0
