0
0
0
0
0
0
0
0
0
0
1
3
3
1
14
16
33
36
55
90
126
169
233
310
419
585
804
1130
1502
2318
4875
2537
1737
1507
1361
1239
1171
1098
1205
1137
1218
1216
1243
1233
1288
1252
1290
1325
1378
1372
1411
1358
1361
1381
1394
1357
1488
1394
1359
1386
1332
1339
1374
1380
1376
1353
1372
1408
1361
1379
1339
1357
1296
1282
1278
1345
1334
1298
1292
1247
1284
1234
1195
1229
1241
1187
1283
1170
1140
1162
1124
1094
1137
1065
1173
1029
1088
1064
1079
1016
1064
1026
1036
964
1052
1004
1025
960
943
897
959
994
907
882
892
871
851
918
863
904
811
762
779
794
734
728
756
723
725
686
701
665
599
609
633
654
635
573
603
615
576
523
552
517
559
548
546
536
531
523
509
495
485
488
504
466
478
468
416
425
380
343
376
378
354
309
313
318
235
223
269
230
204
177
179
177
156
133
158
144
115
120
107
84
84
112
81
51
74
48
52
43
40
51
33
38
27
32
30
30
34
26
27
23
20
26
23
24
25
19
16
21
22
19
15
15
16
13
16
18
29
26
20
16
15
18
14
27
26
20
14
16
20
22
16
29
26
35
29
33
18
31
34
52
44
48
48
54
61
83
105
164
289
414
509
173
