0
0
0
0
1
1
0
8
17
40
86
239
898
856
818
561
546
552
570
546
604
571
636
679
727
782
919
1118
1453
1746
1814
1854
1787
1783
1772
1779
1801
1680
1611
1607
1554
1477
1449
1269
1219
1138
1060
977
959
1029
873
915
855
839
786
691
676
661
613
564
585
537
532
539
542
480
510
507
491
484
458
562
556
483
401
433
386
396
492
426
387
414
389
402
416
399
456
437
424
425
469
463
473
422
421
466
439
496
477
483
432
512
529
514
513
598
638
714
784
829
846
889
870
867
811
763
727
709
611
601
561
501
515
490
426
408
400
377
389
350
368
358
360
340
339
364
367
372
344
376
422
391
342
325
328
344
355
361
359
355
331
319
345
348
318
314
309
296
343
318
296
317
296
354
337
312
310
323
343
333
343
327
332
317
319
335
327
329
370
364
393
389
418
473
445
488
561
585
590
634
664
716
736
716
718
732
715
624
623
577
570
548
534
520
524
536
557
582
550
576
575
557
601
571
613
572
586
603
596
590
580
563
621
608
592
590
582
586
637
639
567
598
604
625
650
650
637
651
659
689
663
751
755
827
795
851
794
854
913
1100
1253
1500
1647
358
59
2
