0
0
1
1
5
4
11
10
29
31
39
81
106
136
197
265
334
447
623
902
1283
2036
4819
2028
1502
1221
1133
1007
1035
1003
1056
1153
1200
1181
1132
1178
1104
1191
1224
1209
1155
1189
1237
1227
1208
1332
1268
1249
1373
1361
1374
1351
1434
1437
1434
1429
1414
1316
1268
1204
1199
1180
1213
1263
1288
1252
1272
1338
1295
1365
1311
1286
1319
1348
1384
1380
1408
1411
1513
1545
1563
1534
1582
1623
1518
1387
1322
1328
1283
1280
1209
1181
1117
1111
1135
1119
1167
1109
1084
1082
1038
1047
1037
1042
1031
937
1001
940
864
817
748
704
728
719
681
725
677
608
539
515
473
434
458
384
391
355
352
325
300
295
284
234
262
220
208
212
237
163
222
206
176
191
187
195
248
253
195
198
190
189
172
177
162
170
157
151
138
192
168
188
170
160
153
148
172
137
157
171
152
131
154
124
162
160
152
173
171
147
194
161
229
219
241
209
262
238
258
229
203
185
186
193
206
181
221
266
225
221
196
213
232
196
192
195
175
217
219
183
181
137
141
151
154
160
119
147
157
158
150
166
158
176
190
195
195
202
167
198
199
143
139
150
142
150
145
119
134
122
131
129
140
118
94
119
109
125
126
105
154
133
156
205
240
356
771
715
