1
31
25
53
88
149
214
418
661
1159
2167
12983
2913
1705
1323
1123
979
1087
957
928
1001
957
1027
958
979
1007
1083
1126
1197
1201
1401
1279
1215
1163
1241
1321
1234
1239
1290
1340
1292
1290
1296
1339
1423
1406
1426
1469
1526
1560
1568
1668
1600
1643
1646
1733
1799
1770
1826
1881
1863
1854
1840
1818
1780
1760
1763
1696
1684
1516
1363
1346
1173
1129
1009
912
976
813
778
727
762
687
627
647
613
648
629
585
580
536
526
530
460
432
463
435
407
412
339
370
339
326
355
304
348
286
276
271
250
262
236
235
235
231
222
244
211
212
214
223
224
188
228
177
182
183
184
194
193
152
166
161
161
157
160
164
173
149
122
131
123
139
121
131
132
127
113
147
119
110
113
131
129
124
133
130
151
130
135
176
160
170
166
139
163
164
161
159
152
156
183
174
179
196
202
219
252
309
254
324
321
407
457
426
482
425
464
448
425
421
505
436
469
434
447
447
376
458
446
393
349
332
357
330
348
374
313
339
348
337
296
301
304
245
294
252
350
300
348
308
256
234
219
206
232
172
105
69
64
53
37
49
38
32
36
44
26
41
36
33
26
34
28
34
33
21
18
9
4
3
0
0
0
0
0
0
