0
0
0
0
0
0
0
0
0
0
0
0
0
0
0
0
0
0
0
0
0
0
0
0
0
2
0
2
16
80
175
157
160
148
173
173
217
238
288
356
312
390
375
360
355
393
313
332
362
392
344
414
460
470
464
444
442
436
427
493
469
504
538
517
497
551
546
618
594
696
844
884
944
994
1176
1247
1460
1625
1872
2067
2168
2336
2437
2535
2633
2639
2725
2616
2601
2516
2513
2427
2415
2432
2396
2360
2351
2267
2236
2199
2175
2050
1987
1962
1815
1750
1674
1573
1581
1537
1526
1431
1336
1369
1363
1348
1278
1210
1192
1153
1172
1284
1170
1179
1257
1075
1106
1019
1104
1033
1007
968
954
880
837
757
760
662
658
553
556
555
481
509
448
427
443
452
470
418
474
443
416
398
348
385
422
476
489
490
388
432
329
345
323
335
287
240
284
257
278
251
242
253
266
286
269
262
310
335
335
316
344
303
351
356
331
361
335
326
301
340
384
356
322
324
278
232
159
150
122
103
92
78
91
76
76
74
83
73
69
63
68
65
68
67
77
80
94
102
77
91
79
70
71
79
80
77
68
66
84
81
75
89
83
77
80
97
101
88
89
87
105
87
91
80
70
66
67
84
117
122
167
177
112
17
