0
0
0
0
0
0
3
20
4
8
25
44
72
52
62
49
59
61
45
46
63
63
62
72
87
99
72
148
104
114
194
293
325
486
738
766
579
851
1213
985
1028
1275
1516
2212
2200
2359
2527
3046
2575
2735
3222
2985
2793
3157
2874
2810
2556
1871
1585
1500
1580
1526
1267
1120
1025
1095
1075
1047
1026
971
1043
1133
1109
1068
949
948
1020
995
1122
1202
1223
1256
1402
1405
1564
1498
1791
2014
2055
2085
2098
2429
2468
2419
2309
2292
2245
2094
2092
2063
1866
1733
1638
1572
1449
1522
1599
1472
1364
1224
1171
1104
1139
978
832
783
663
617
536
528
408
388
416
344
346
273
268
241
238
258
229
238
237
214
240
245
217
223
197
204
214
156
200
202
171
198
204
169
183
199
177
170
142
163
143
143
162
148
151
130
146
130
154
161
116
153
133
146
120
123
131
131
117
103
78
88
96
95
94
88
79
91
82
87
75
77
81
72
77
69
68
59
68
55
58
53
65
66
67
47
68
58
54
58
55
56
49
53
48
54
47
45
52
54
51
66
62
56
46
69
55
64
53
58
45
55
55
64
56
65
48
40
36
52
32
34
38
26
35
19
17
28
14
20
7
7
5
10
5
2
4
0
0
0
0
0
