0
1
2
5
10
17
34
68
65
151
201
313
504
749
1517
4885
2004
1480
1197
990
923
854
878
898
922
952
937
978
990
978
1096
1066
1109
1124
1107
1235
1305
1309
1403
1429
1475
1498
1479
1413
1448
1476
1494
1494
1459
1367
1442
1432
1424
1435
1484
1430
1488
1448
1511
1434
1453
1488
1433
1484
1521
1531
1442
1472
1404
1452
1533
1515
1496
1476
1539
1542
1597
1620
1622
1502
1591
1555
1539
1531
1467
1486
1464
1423
1409
1413
1390
1348
1314
1284
1249
1188
1249
1192
1067
1094
932
953
856
791
769
769
609
583
578
504
498
457
449
421
346
352
348
371
326
279
324
292
315
273
313
245
268
258
258
249
278
252
260
278
243
251
211
240
242
253
215
266
193
215
231
208
228
209
211
227
195
211
206
216
246
230
229
212
201
207
204
232
231
234
194
244
255
270
243
264
231
244
243
251
247
258
270
273
265
231
269
268
272
272
267
260
260
263
263
260
264
253
262
247
229
241
224
192
202
196
166
156
150
97
127
102
111
84
74
62
60
66
39
31
20
36
28
18
23
11
10
7
2
3
5
1
3
2
2
2
2
2
0
3
1
1
0
0
0
2
1
0
0
1
0
0
0
0
0
0
0
0
0
0
0
0
