0
0
0
3
6
18
27
45
59
129
152
210
250
281
323
343
374
413
422
434
454
455
439
442
437
474
470
535
530
551
522
579
578
563
596
661
630
613
655
577
661
669
667
615
633
621
681
630
624
633
635
617
636
621
565
679
579
667
572
573
594
587
595
554
554
558
552
511
527
482
493
521
469
470
490
480
463
421
444
407
427
444
430
399
383
371
363
349
360
365
357
324
320
365
330
339
314
343
291
266
285
280
235
253
253
264
253
270
282
300
307
437
542
537
637
789
1032
1413
1878
1931
2176
2522
3027
3255
3307
3662
3784
3674
3983
4399
4607
4608
4645
4793
4894
5066
5200
4819
4724
4635
4678
4076
2976
1608
610
223
119
112
108
87
83
69
57
67
64
53
59
46
57
51
32
40
45
48
35
31
41
36
26
48
32
26
19
34
22
33
22
16
21
17
27
17
13
17
21
21
9
17
17
15
15
11
9
8
10
9
19
11
8
13
10
10
9
9
8
9
7
11
6
11
10
7
12
7
8
3
4
4
7
3
2
6
3
2
3
3
2
0
2
0
1
1
2
1
2
0
0
0
2
2
0
0
0
0
0
0
0
0
0
0
0
0
0
0
0
0
