0
3
25
59
126
164
215
304
225
260
268
204
209
237
220
210
242
224
215
236
249
260
249
264
288
278
295
274
304
319
347
375
411
441
457
450
469
500
565
548
630
644
705
726
826
845
866
947
1048
1089
1176
1227
1293
1362
1414
1437
1503
1592
1582
1651
1674
1821
1787
1899
1828
1912
2013
2092
2029
2076
2190
2159
2252
2251
2295
2248
2269
2245
2312
2317
2314
2338
2250
2337
2265
2178
2117
2107
2133
2029
1981
1939
1848
1801
1685
1752
1634
1645
1638
1545
1558
1532
1464
1325
1304
1303
1250
1239
1119
1140
1107
1034
999
998
939
982
887
840
893
825
770
805
727
695
616
679
629
593
574
527
536
502
474
416
478
433
426
351
341
335
414
342
307
303
258
268
216
243
203
208
184
183
157
170
140
115
117
95
109
93
88
88
105
96
89
72
50
63
70
55
48
52
56
66
41
42
39
43
43
43
38
27
32
26
30
39
37
24
21
24
20
12
16
25
13
17
14
20
12
8
8
13
13
9
7
11
6
11
4
4
9
4
10
6
6
6
7
5
3
7
0
1
2
5
0
1
0
0
1
4
2
0
1
2
0
0
1
0
1
0
0
0
0
0
0
0
0
0
0
0
0
0
0
0
0
0
