0
0
0
0
0
0
0
0
0
0
0
0
0
2
0
5
1
4
3
4
7
14
31
47
69
88
116
160
149
183
218
257
263
321
316
337
396
328
344
343
280
303
304
301
324
298
367
398
445
477
532
535
580
577
684
705
774
856
912
940
984
1065
1053
1109
1148
1202
1260
1262
1395
1464
1382
1461
1405
1448
1446
1374
1445
1369
1508
1479
1486
1456
1459
1447
1436
1517
1372
1397
1359
1324
1261
1354
1260
1250
1190
1098
1131
1172
1116
1174
1105
1171
1149
1173
1128
1114
1142
1125
1174
1110
1108
1119
1076
1036
1021
1064
960
1015
1022
1058
1044
1056
1089
1066
1108
1030
980
1044
1065
1032
1023
942
959
917
962
953
886
940
879
936
862
885
872
841
885
849
852
811
847
793
814
778
743
720
681
739
656
648
677
664
608
629
626
556
551
590
565
536
502
506
506
520
491
482
473
444
407
460
434
477
453
419
430
372
416
379
417
394
384
364
367
341
335
337
320
336
310
344
301
286
283
302
275
289
270
267
280
273
221
230
236
238
240
236
201
244
229
232
240
239
214
205
207
213
207
177
182
186
174
191
184
174
182
201
191
205
206
181
183
189
218
235
255
335
382
454
472
489
296
179
23
4
0
0
0
0
