59
237
272
530
1388
11781
3117
2399
1536
1276
1230
1207
1219
1321
1198
1042
1062
923
926
842
779
760
790
755
793
776
797
811
791
768
822
830
795
858
811
874
922
990
1011
1053
1040
1078
1081
1126
1139
1131
1092
1114
1084
1206
1185
1223
1257
1240
1303
1329
1386
1332
1403
1432
1465
1512
1479
1473
1504
1511
1447
1410
1472
1454
1478
1484
1483
1340
1460
1382
1361
1516
1423
1369
1387
1361
1378
1327
1358
1380
1366
1334
1386
1288
1250
1127
1128
1099
1043
941
946
895
848
854
810
815
780
789
768
751
744
713
694
689
664
699
687
667
645
612
598
564
572
552
513
493
508
505
470
467
409
404
407
379
382
385
373
358
312
319
291
313
289
268
245
254
219
223
189
180
206
169
155
168
139
149
147
142
123
96
123
119
96
97
85
96
97
72
75
81
70
60
81
58
59
51
52
56
47
53
59
41
54
50
37
44
47
39
40
31
40
29
40
31
35
46
25
29
25
18
20
20
19
20
13
15
14
12
13
14
8
8
12
9
7
10
7
12
3
9
6
8
9
4
8
2
3
3
3
4
5
3
3
4
3
5
3
2
3
2
2
3
3
0
1
2
1
2
2
2
9
1
3
0
6
5
8
9
10
3
