0
0
0
0
0
0
0
0
2
1
1
3
2
11
10
37
77
76
104
97
129
152
187
176
249
243
246
301
325
365
372
403
477
450
445
502
492
482
492
483
492
446
467
487
474
480
456
447
422
389
384
328
283
285
276
228
258
238
246
280
335
348
392
446
525
597
649
764
812
970
1231
1665
2167
2569
2811
2842
2585
2260
2274
2120
2022
1841
1684
1640
1597
1345
1291
1214
1099
1044
848
764
656
604
622
612
656
641
603
592
575
548
608
557
517
568
489
509
472
447
511
529
516
532
565
578
620
597
636
613
602
560
538
613
611
617
587
637
578
655
606
603
684
677
674
774
761
774
834
897
871
857
888
923
963
942
973
946
976
1048
1095
1122
1187
1193
1238
1248
1295
1325
1419
1460
1411
1485
1464
1444
1464
1545
1433
1451
1436
1424
1466
1386
1336
1381
1362
1322
1240
1274
1209
1227
1211
1103
1101
1026
989
1009
935
910
817
794
756
690
626
606
513
482
422
346
294
248
202
197
140
88
86
64
66
42
30
22
15
26
19
13
5
2
6
4
1
1
1
0
0
0
0
0
0
0
0
0
0
0
0
0
0
0
0
0
0
0
0
0
0
0
0
0
0
0
0
0
0
0
0
0
0
0
