11
81
70
81
141
202
320
463
354
279
206
154
149
123
139
103
118
97
112
97
103
92
89
89
101
90
99
131
116
121
129
102
125
148
132
156
154
183
143
194
217
226
210
241
251
277
285
299
288
350
338
400
399
440
398
481
489
532
551
573
611
635
665
730
726
787
864
906
911
926
1095
1153
1134
1179
1325
1291
1380
1434
1530
1617
1613
1787
1875
1875
2014
2060
2134
2127
2225
2307
2379
2384
2428
2580
2674
2650
2704
2767
2618
2675
2663
2742
2665
2473
2614
2522
2421
2469
2361
2262
2155
2092
1984
1857
1818
1721
1572
1526
1409
1325
1284
1148
1123
1014
1018
916
845
810
806
748
779
718
658
643
603
619
608
551
535
539
533
501
450
500
502
464
427
476
438
430
456
390
402
410
393
360
347
380
340
344
327
324
336
308
348
272
306
293
264
243
233
248
249
186
175
206
173
173
152
176
119
124
130
114
125
93
96
85
74
80
83
75
60
53
48
58
46
56
47
44
37
32
31
38
33
30
33
28
30
27
32
24
26
22
29
22
20
20
15
19
13
17
19
18
13
6
10
13
7
11
15
4
11
13
5
12
6
7
5
4
9
8
5
4
6
8
3
4
5
5
5
2
1
1
0
0
