0
0
0
0
0
0
0
0
0
0
0
0
0
0
0
0
0
0
0
0
0
0
2
3
4
11
21
28
53
115
211
714
1131
1152
925
867
827
832
897
780
692
627
659
721
739
710
707
697
711
705
782
839
883
921
1029
913
980
1009
1115
1174
1204
1224
1213
1244
1294
1366
1350
1412
1466
1640
1691
1858
2025
2087
2192
2281
2441
2646
2803
2771
2671
2544
2408
2413
2470
2203
2400
2585
2365
2343
2221
2104
1993
1793
1801
1700
1687
1643
1493
1420
1280
1155
1162
1029
1072
925
927
883
856
775
787
722
730
705
698
704
639
688
591
637
570
573
558
578
546
496
504
459
491
492
464
466
441
419
453
476
460
454
425
400
431
408
378
407
384
393
391
362
387
333
318
292
319
333
336
356
368
360
371
321
356
399
359
366
368
414
385
394
367
367
377
344
367
333
363
327
365
351
344
352
334
361
362
361
342
331
300
328
302
296
299
284
231
238
207
176
168
183
173
140
111
140
113
101
102
89
75
70
90
66
65
74
61
69
57
63
49
58
58
53
56
52
63
61
56
45
52
45
68
59
41
64
66
66
88
112
102
120
87
91
103
122
167
154
133
132
69
66
84
40
24
12
5
10
17
2
