0
0
0
1
0
0
1
7
4
6
13
28
48
81
129
164
196
239
252
362
398
397
466
494
525
605
566
575
613
629
653
650
658
731
751
753
813
851
857
927
863
963
919
1022
1004
1131
1055
1054
1106
1163
1131
1131
1238
1195
1265
1161
1250
1176
1286
1273
1299
1330
1314
1305
1287
1337
1234
1311
1292
1328
1306
1373
1333
1364
1328
1243
1330
1325
1293
1209
1168
1267
1179
1176
1194
1213
1159
1152
1090
1101
992
1136
1119
1118
1056
1089
1039
1042
1009
1064
1006
971
995
940
980
919
904
913
840
916
802
783
814
815
785
769
765
757
735
710
742
742
764
751
705
702
729
687
653
624
690
686
622
661
665
641
666
655
634
624
604
608
556
566
572
607
537
568
610
568
565
562
560
533
499
498
518
498
491
464
511
494
435
468
437
430
428
429
428
423
409
409
394
407
390
412
414
364
406
399
342
404
324
364
346
357
394
310
329
347
344
312
339
310
290
309
309
284
329
314
278
271
261
274
264
264
241
262
239
239
250
226
233
223
230
222
227
176
197
208
206
182
193
192
233
151
177
181
173
184
192
165
162
153
175
183
166
156
167
158
165
164
153
124
166
181
212
242
327
426
478
643
413
124
24
2
