0
0
0
0
0
0
0
0
0
1
0
0
1
0
3
2
3
1
6
6
15
10
5
13
14
24
26
20
32
25
28
24
30
31
42
30
30
50
36
49
55
60
57
69
52
65
68
61
60
70
72
80
86
90
105
128
121
167
190
181
215
243
222
251
290
306
352
391
448
484
561
671
719
758
841
875
1031
1084
1130
1370
1382
1424
1603
1662
1761
1758
1947
2059
2063
2154
2182
2394
2436
2422
2486
2482
2516
2474
2419
2411
2298
2217
2129
1942
1858
1875
1881
1803
1783
1754
1650
1666
1612
1614
1543
1430
1447
1462
1493
1364
1481
1433
1378
1468
1458
1586
1478
1485
1568
1520
1499
1484
1566
1473
1471
1433
1477
1427
1408
1394
1386
1414
1372
1360
1317
1296
1228
1130
1110
1018
977
985
899
927
869
842
792
739
787
791
683
674
615
604
521
468
433
418
384
380
328
285
278
257
237
263
215
213
218
192
171
157
150
178
113
128
139
125
128
113
133
113
119
117
90
104
88
88
73
101
79
93
95
69
69
56
57
52
71
44
59
61
49
55
43
42
48
48
49
47
43
37
47
39
44
48
39
43
44
50
33
37
42
35
31
25
22
24
15
22
21
19
14
24
18
14
12
15
14
13
6
10
3
0
0
0
