0
0
0
0
0
0
0
0
0
0
0
0
0
0
0
0
0
0
0
0
0
0
0
0
0
0
0
0
0
0
1
6
14
70
230
388
469
570
668
782
780
786
739
718
592
519
487
476
438
434
376
389
338
372
358
389
399
372
379
349
404
351
355
331
368
319
383
377
359
407
401
440
414
438
409
453
473
458
485
489
552
508
546
533
535
581
568
591
617
637
675
701
727
794
836
846
908
957
1011
1061
1067
1144
1190
1244
1295
1400
1320
1407
1370
1440
1385
1396
1411
1429
1438
1481
1492
1452
1366
1393
1286
1310
1330
1292
1286
1212
1226
1267
1092
1140
1090
998
1011
945
976
978
868
801
870
801
808
768
785
750
779
721
731
731
684
695
656
701
617
625
612
598
621
599
606
601
556
604
595
555
589
534
608
584
561
596
627
607
537
607
600
549
571
572
565
627
592
576
597
521
534
552
551
540
531
516
540
514
510
504
494
559
548
513
526
476
462
478
491
501
463
467
448
445
432
395
415
420
403
380
373
364
384
330
359
362
358
378
362
372
371
384
382
383
391
387
394
373
378
398
428
392
428
452
460
456
438
475
472
514
553
586
656
785
931
1314
2016
3272
3711
1856
408
4
