8
44
62
78
94
121
109
178
210
214
277
405
338
352
306
340
286
340
325
335
330
353
348
338
331
377
293
339
357
360
379
392
400
374
415
397
395
417
428
473
458
487
494
472
484
513
533
516
525
532
533
586
579
626
656
648
649
681
678
679
683
732
711
760
768
753
742
840
769
818
889
913
832
911
927
915
926
908
936
974
940
917
897
944
898
953
850
840
898
817
847
760
758
816
746
770
719
706
671
711
749
698
702
641
628
642
605
682
570
567
578
524
548
558
503
514
531
531
522
543
571
569
548
500
527
496
515
527
523
543
518
510
516
501
559
541
609
568
683
740
806
923
927
969
1156
1426
1649
1714
1759
1705
1637
1647
1777
1832
1863
1838
1777
1809
1918
1794
1756
1680
1624
1453
1436
1342
1306
1202
1099
1035
957
816
640
492
356
277
253
235
247
206
238
188
190
203
183
161
163
173
172
180
171
131
157
134
156
138
134
112
126
120
135
159
145
117
123
123
144
177
143
147
173
197
197
179
193
178
197
174
193
188
182
206
210
203
198
247
224
204
229
224
221
254
221
235
263
249
267
267
299
280
318
395
548
634
755
827
842
903
943
1339
1810
3836
1183
204
18
1
