7
54
125
150
298
277
410
606
723
1040
1244
1485
1230
933
658
594
477
481
441
403
463
422
398
399
366
340
361
382
387
356
374
407
364
399
395
382
385
424
404
430
417
427
412
405
435
409
414
409
422
429
451
423
432
372
397
412
443
372
393
355
419
396
430
441
403
386
411
351
358
395
354
350
355
349
360
380
365
353
339
367
330
332
333
344
354
353
305
361
360
345
369
342
307
322
366
356
331
309
304
268
277
280
277
312
278
281
315
275
266
263
255
278
274
275
259
295
287
280
251
283
265
275
276
363
425
724
1494
2712
3614
4013
4106
3773
3172
2990
3062
3684
4793
6103
7625
8688
8273
6583
5629
4848
4249
3914
3325
2361
1542
1043
685
435
263
190
180
141
153
138
124
114
78
94
60
59
43
39
31
26
21
20
9
5
12
9
3
1
2
4
2
1
4
1
1
2
1
1
1
1
1
1
2
0
2
0
0
0
0
0
0
0
0
0
0
0
0
0
0
0
0
0
0
0
0
0
0
0
0
0
0
0
0
0
0
0
0
0
0
0
0
0
0
0
0
0
0
0
0
0
0
0
0
0
0
0
0
0
0
0
0
0
0
0
0
0
0
0
