1
0
0
1
4
6
12
37
66
160
259
527
1130
1932
2704
2649
2463
2282
1947
1991
1795
1726
1692
1636
1645
1557
1532
1518
1498
1503
1480
1408
1358
1449
1371
1404
1329
1309
1275
1269
1198
1213
1189
1098
1077
1024
994
1039
946
922
820
837
811
692
721
666
695
693
632
571
582
544
547
519
517
505
550
549
514
494
488
505
482
448
484
505
467
510
489
491
473
521
440
496
511
534
536
542
584
556
505
587
536
525
550
531
487
517
500
516
569
591
551
655
622
600
581
646
609
575
634
526
612
588
583
565
538
505
529
523
509
481
478
494
463
448
472
415
440
381
408
417
353
383
407
462
494
463
523
635
613
687
708
754
850
828
752
725
700
675
636
628
566
561
548
538
541
534
537
490
417
439
408
407
418
439
419
439
475
474
557
552
579
584
581
668
636
613
588
543
544
592
603
642
732
781
858
875
796
787
745
726
692
772
745
752
719
753
703
660
699
722
744
723
676
679
635
694
675
615
503
391
317
298
278
254
206
127
65
60
32
28
26
19
22
18
17
12
18
13
20
5
7
15
7
5
7
7
7
6
4
6
2
5
4
0
2
3
5
0
5
0
1
0
0
0
