6
56
53
70
92
79
66
57
33
40
24
22
23
23
27
20
22
24
21
24
35
26
21
23
26
26
34
28
20
35
28
37
43
50
43
60
56
50
59
64
50
51
83
74
76
67
71
91
91
80
92
100
73
74
80
95
80
80
90
97
96
95
98
95
115
105
100
108
156
170
202
249
409
628
913
1293
1740
2278
2859
3659
4608
5781
7165
8316
8470
8118
7677
7484
7468
7613
7662
7461
6912
6117
5311
4487
3600
3102
2569
2336
1869
1814
1418
1180
976
724
619
514
434
359
324
295
245
226
192
165
157
134
135
115
94
96
94
82
89
80
89
77
71
76
75
57
60
61
51
53
49
54
37
40
32
35
26
26
21
18
27
14
19
14
12
11
13
9
10
6
10
6
6
3
1
2
3
2
4
2
1
2
2
4
1
1
0
0
0
0
0
0
1
0
1
1
0
0
0
0
0
0
1
0
0
1
0
0
0
1
0
0
0
0
0
0
1
0
0
0
0
0
0
0
0
0
0
0
0
1
1
0
0
0
0
0
1
0
0
0
0
0
0
0
0
0
0
0
0
0
0
0
0
0
0
0
0
0
0
0
0
1
0
0
1
0
0
0
0
0
