0
0
0
0
0
0
0
0
0
0
0
0
0
0
0
0
0
0
0
0
1
0
0
0
2
4
3
10
13
13
26
27
34
40
56
58
80
101
112
122
171
186
211
318
318
370
454
522
589
652
721
773
911
931
1020
1122
1187
1276
1273
1254
1304
1303
1346
1395
1375
1407
1365
1440
1344
1358
1347
1250
1304
1229
1236
1199
1203
1169
1117
1181
1123
1163
1091
1185
1204
1189
1260
1246
1267
1294
1257
1400
1403
1420
1485
1433
1456
1495
1537
1598
1590
1565
1612
1595
1603
1579
1527
1506
1523
1553
1451
1471
1370
1315
1340
1381
1328
1290
1349
1238
1310
1243
1287
1309
1302
1308
1321
1363
1229
1287
1209
1140
1194
1139
1180
1157
1138
1065
1170
1048
1059
1066
1042
1010
967
820
873
803
779
831
785
850
819
773
715
675
599
619
605
521
508
480
508
523
525
509
557
490
476
495
512
460
440
409
454
429
357
286
278
306
340
340
339
407
395
426
475
517
582
734
525
274
98
52
35
27
27
30
26
27
35
30
20
22
29
30
40
24
36
30
37
26
28
31
32
45
51
46
56
51
39
67
57
52
62
57
79
64
81
86
77
88
80
68
81
86
78
85
69
64
82
77
78
91
79
33
19
8
1
1
0
0
0
0
0
0
