19
115
120
120
120
143
158
243
338
569
1051
5799
1046
483
332
295
254
262
260
262
308
323
331
372
353
362
418
416
456
466
501
552
543
644
698
691
723
750
810
852
923
906
873
915
899
899
974
937
1007
1025
1025
1002
1046
1048
1043
996
916
927
915
921
886
845
846
830
825
849
846
880
851
811
824
839
836
821
860
860
916
904
913
843
871
781
851
845
822
779
792
784
768
814
777
804
826
804
881
900
879
924
874
863
758
747
700
623
574
580
588
570
562
595
622
619
606
557
591
608
583
596
565
599
594
586
576
616
631
671
664
684
735
699
640
579
576
543
593
568
551
606
564
580
588
619
593
627
586
600
569
591
625
536
551
483
491
483
402
475
402
434
415
408
376
388
351
371
359
336
314
328
319
301
297
213
225
228
227
186
166
178
187
184
218
223
266
306
389
498
467
526
492
614
746
899
859
750
814
768
712
678
599
492
398
432
379
371
386
362
300
281
307
261
290
287
325
281
309
322
312
299
322
347
353
363
368
369
392
445
467
487
557
568
678
704
812
773
812
722
793
682
659
693
688
706
747
767
790
810
885
888
737
688
542
466
104
8
1
0
