0
0
0
0
0
0
0
0
0
0
0
0
0
0
0
0
0
0
0
0
0
0
0
0
0
0
0
0
0
0
0
0
0
0
0
0
0
0
0
0
0
0
1
2
1
1
6
12
19
55
117
231
618
1299
1497
1354
1072
916
833
717
684
596
565
505
561
501
494
493
513
523
574
623
639
647
673
640
689
657
651
697
636
697
713
712
782
712
682
664
708
658
691
645
688
712
652
705
687
685
747
729
762
755
803
808
876
913
1012
978
1032
1146
1155
1230
1298
1396
1557
1617
1725
1842
1871
2055
2078
2169
2233
2325
2287
2333
2352
2498
2516
2541
2519
2428
2489
2480
2391
2494
2324
2381
2337
2222
2154
2153
2073
1911
1947
1981
1823
1723
1619
1558
1548
1517
1396
1311
1287
1201
1161
1093
1090
1011
953
902
831
813
764
694
654
696
622
561
541
440
461
405
416
392
402
328
318
259
257
258
237
196
219
205
194
163
162
132
144
125
133
98
116
103
106
99
69
106
88
58
48
62
48
66
51
65
36
50
38
47
34
45
28
32
35
40
20
19
28
20
21
20
20
22
16
12
23
20
11
16
8
17
25
6
11
11
10
8
9
12
7
14
11
9
16
14
13
17
11
29
23
23
17
1
