0
0
0
0
0
0
0
0
0
0
0
0
0
0
1
0
0
0
0
1
0
0
6
9
42
43
77
101
128
171
136
184
180
201
218
233
288
348
367
424
536
667
840
1012
1344
1426
1376
1212
1224
1075
1048
982
930
976
988
955
947
922
889
842
859
858
854
854
879
811
739
650
621
592
580
551
552
552
563
549
547
556
591
596
630
581
610
602
652
748
781
831
899
995
1217
1383
1536
1617
1801
1822
2018
2077
2158
2381
2468
2685
2990
3178
3350
3589
3448
3528
3454
3358
3376
3409
3165
3014
2880
2620
2446
2317
2098
1993
1729
1593
1528
1267
1157
1001
846
760
663
636
530
468
409
378
422
381
393
420
438
452
400
416
396
413
317
252
223
216
179
121
96
87
83
76
75
50
57
47
54
61
64
58
55
49
37
50
38
48
38
45
40
36
35
38
42
38
46
42
40
39
36
40
31
41
37
29
38
34
30
39
39
35
51
41
42
44
49
70
76
77
90
101
105
79
84
99
102
91
104
86
99
91
105
114
118
106
98
91
119
92
89
94
104
92
99
120
146
135
138
158
155
151
139
133
146
131
142
125
141
138
159
166
254
314
320
393
349
406
577
597
658
708
594
616
896
589
