0
0
0
0
0
0
0
0
0
0
0
0
0
0
0
0
0
0
0
0
1
0
1
0
1
0
2
3
5
19
24
51
78
116
244
416
681
1321
2479
5796
7161
5149
3753
3280
2826
2540
2454
2363
2380
2177
2147
2037
1969
1947
1845
1866
1828
1781
1708
1681
1651
1634
1681
1527
1568
1429
1486
1349
1362
1383
1363
1360
1422
1462
1418
1427
1384
1363
1269
1351
1294
1316
1281
1307
1312
1182
1140
1099
1109
1051
1069
912
1003
937
895
904
859
793
810
784
758
756
686
685
693
669
673
634
623
613
556
563
545
530
557
517
469
439
462
448
479
455
465
422
417
395
412
416
409
363
388
385
372
363
356
389
380
383
373
284
373
346
318
313
314
342
312
306
305
269
319
293
323
256
291
350
492
563
701
609
645
485
391
390
353
325
294
274
258
221
212
231
213
170
158
182
177
168
150
148
154
139
109
101
117
143
114
121
112
104
123
104
125
106
111
110
98
107
109
99
97
112
94
113
101
90
88
85
76
98
80
83
84
77
70
81
62
90
102
83
91
83
90
77
99
80
68
86
63
68
82
79
67
72
84
80
85
83
91
83
82
91
111
90
100
112
133
174
224
236
220
225
162
50
10
0
