0
0
0
0
0
0
0
0
0
0
0
0
0
0
0
0
0
0
0
0
0
0
1
1
1
3
2
7
14
12
33
49
64
73
100
137
175
224
242
260
305
351
304
391
364
376
347
367
416
450
437
424
445
431
453
470
496
477
497
505
543
503
547
556
584
569
600
632
594
696
623
679
679
685
739
676
707
756
746
725
756
794
842
852
825
848
830
872
866
921
980
924
929
987
953
936
961
1010
999
1038
1054
1054
1123
1064
1099
1109
1078
1075
1183
1135
1177
1178
1165
1142
1160
1203
1184
1152
1241
1138
1186
1219
1227
1152
1226
1230
1215
1153
1091
1144
1150
1233
1226
1147
1199
1198
1163
1244
1160
1087
1214
1194
1228
1192
1236
1071
1121
1148
1122
1095
1013
1061
1016
1017
956
922
929
884
919
894
859
814
799
823
770
738
816
843
702
721
678
716
652
689
665
638
632
643
601
636
602
611
568
563
559
551
530
521
532
513
499
494
517
470
480
455
506
452
443
470
455
461
476
463
456
435
434
498
419
409
423
421
415
420
370
419
405
415
427
419
403
437
425
389
423
508
451
429
451
440
467
435
456
481
476
462
373
420
350
388
350
409
440
425
500
520
493
432
252
155
53
23
7
5
0
0
