0
0
0
0
0
0
0
0
0
0
0
0
0
0
0
0
0
0
0
0
0
0
0
0
0
0
0
0
0
1
0
1
2
5
10
14
35
35
59
61
103
99
105
126
167
187
212
222
271
300
300
291
339
351
376
398
436
405
449
444
437
447
530
496
503
571
532
490
575
538
578
610
597
632
585
604
614
652
644
633
679
691
674
662
681
678
742
673
670
693
703
682
680
681
737
675
723
675
707
685
730
724
719
720
740
722
758
761
789
728
832
777
781
797
834
777
853
839
813
855
867
878
881
965
948
925
1009
973
1038
1050
1086
1138
1117
1154
1184
1221
1279
1329
1360
1410
1518
1438
1418
1487
1537
1549
1594
1602
1662
1598
1597
1593
1652
1640
1678
1633
1695
1703
1660
1703
1717
1670
1658
1685
1672
1671
1578
1602
1516
1441
1426
1356
1282
1265
1266
1175
1101
1125
1008
996
933
885
784
782
813
672
674
614
589
558
485
496
484
474
425
428
394
383
412
394
365
369
358
312
325
361
357
374
337
320
308
354
289
329
287
300
293
262
312
285
286
264
283
262
260
248
265
255
258
248
231
207
242
221
222
239
207
249
199
220
267
207
288
286
321
420
308
272
264
135
93
69
22
14
2
0
