0
0
0
0
0
0
0
0
0
0
0
0
0
0
0
0
0
0
0
0
0
0
0
0
0
0
0
0
0
2
3
8
6
33
77
277
539
642
669
767
861
1079
1277
1526
1676
1886
2009
2021
2131
2261
2148
2180
2121
2127
2070
1850
1801
1617
1559
1515
1345
1266
1153
1146
977
1004
900
908
824
865
849
756
736
754
741
713
701
742
714
741
746
700
690
747
751
735
797
799
847
872
823
891
895
903
966
959
937
898
998
946
943
870
823
834
790
810
807
762
742
715
684
723
743
666
721
704
825
792
800
848
789
781
762
733
760
790
807
762
746
776
819
817
834
809
783
798
825
784
743
812
745
736
701
645
657
645
642
616
656
609
677
605
689
650
657
671
657
691
677
700
681
682
715
748
695
710
747
758
762
731
760
694
720
688
701
649
666
634
621
602
650
711
680
699
694
653
725
695
695
730
664
721
717
786
732
745
812
748
740
756
741
740
626
598
592
533
518
502
466
417
366
309
305
243
196
151
114
99
73
77
55
39
35
29
26
23
20
19
7
5
6
7
2
4
1
3
2
3
1
0
0
0
0
0
0
0
0
0
0
0
0
0
0
0
0
0
