0
0
0
0
0
0
0
0
0
0
0
0
0
0
0
0
0
0
0
0
0
0
0
0
0
0
0
0
0
1
1
2
4
8
7
9
5
19
20
33
47
45
62
92
88
109
120
138
155
159
184
222
193
231
233
242
293
256
308
320
327
305
380
363
384
390
399
421
421
448
439
491
421
462
496
487
430
492
486
519
448
492
481
452
481
479
486
457
515
486
505
470
504
494
456
482
527
548
509
526
510
527
505
561
567
542
554
540
566
583
558
551
545
541
594
582
611
575
612
684
649
637
618
636
641
680
702
669
713
783
748
766
804
805
804
849
871
919
893
971
983
958
954
1016
1020
1093
1093
1114
1188
1200
1207
1240
1233
1258
1291
1332
1311
1353
1366
1334
1494
1440
1480
1470
1542
1532
1577
1583
1554
1609
1561
1564
1633
1655
1677
1672
1604
1679
1600
1747
1638
1639
1675
1647
1689
1672
1631
1568
1614
1541
1591
1531
1551
1493
1471
1429
1310
1326
1289
1204
1215
1124
1100
1072
1045
998
866
907
766
709
698
667
580
602
548
556
495
480
440
415
420
321
323
294
303
269
239
216
213
190
180
137
164
148
135
117
108
102
96
93
75
61
54
53
46
54
46
48
44
28
37
48
40
118
139
2
