0
0
0
0
0
0
0
0
0
3
1
4
8
15
50
44
63
106
178
228
330
506
593
532
615
582
590
607
602
617
678
665
676
777
754
799
835
870
876
974
965
1056
1195
1151
1101
1145
1075
1058
1065
1065
1120
1077
1122
1165
1278
1214
1340
1437
1422
1514
1626
1604
1707
1833
1954
1934
2057
2074
2057
2154
2211
2264
2362
2338
2313
2568
2551
2617
2785
2800
3030
3168
3125
3235
3321
3266
3160
3141
3092
2735
2608
2302
2189
1945
1694
1471
1303
1261
1123
1051
1025
989
920
828
827
737
675
685
625
587
579
550
518
540
498
485
464
486
525
547
573
610
611
609
601
531
431
424
423
382
381
300
256
168
132
104
97
100
74
89
87
77
56
67
73
51
46
51
56
58
43
57
47
45
40
39
60
45
39
45
40
45
43
42
45
40
29
39
43
37
33
27
34
23
34
46
34
30
29
24
35
26
25
30
36
37
24
33
34
25
19
18
25
14
18
23
15
18
20
13
27
21
21
17
16
16
13
18
14
20
14
23
26
20
19
16
21
28
24
15
20
14
17
12
13
24
27
21
14
12
23
13
11
21
12
26
15
18
14
21
23
16
22
20
37
73
99
126
218
226
294
253
166
42
4
0
