0
0
0
0
0
0
0
0
0
0
0
0
0
0
0
0
0
0
0
0
0
1
3
5
8
22
10
22
27
55
92
100
149
208
277
279
319
348
335
319
269
259
232
259
220
223
195
165
205
211
189
184
220
206
203
209
246
228
234
255
283
268
256
294
296
329
369
351
390
432
416
437
494
520
565
609
646
730
728
792
799
813
958
919
968
964
981
991
1049
1093
1080
1123
1153
1201
1258
1227
1305
1350
1287
1343
1288
1361
1383
1387
1348
1371
1370
1435
1410
1388
1381
1449
1440
1485
1416
1479
1422
1446
1377
1339
1360
1304
1374
1233
1236
1292
1269
1188
1221
1156
1143
1068
1047
1011
1017
979
1027
893
856
836
924
862
845
863
844
813
748
789
766
769
815
803
784
770
812
746
775
766
754
759
768
757
743
713
725
742
700
691
659
687
701
701
670
691
684
688
683
644
634
660
662
626
620
590
604
631
610
638
596
616
593
542
541
547
529
528
532
534
480
468
510
503
458
490
452
467
424
422
406
401
357
405
390
378
405
386
444
399
400
369
378
412
374
386
380
402
400
358
385
374
343
350
348
355
368
386
331
371
325
352
368
317
318
357
391
409
432
525
659
852
1050
1145
1061
512
180
3
