3
14
28
45
60
55
65
85
115
135
239
404
332
281
230
217
210
219
239
234
276
275
278
332
293
254
236
206
213
180
217
176
205
193
203
221
198
186
210
240
236
206
265
238
254
236
228
249
230
247
257
275
245
268
269
318
320
309
353
381
412
395
422
376
421
441
462
444
465
516
530
566
563
620
665
690
752
805
876
904
878
919
890
936
893
906
910
923
922
929
939
868
887
793
793
753
710
663
609
522
534
501
475
457
392
418
387
361
354
361
319
290
281
308
248
267
269
289
271
282
261
282
280
314
252
260
279
311
300
295
288
305
287
304
276
291
312
287
276
291
285
310
314
323
352
399
470
542
551
603
606
564
627
692
746
739
763
759
777
768
785
811
928
991
1002
910
940
1014
1134
1121
1117
1100
1333
1429
1581
1726
1862
2052
1913
1759
1595
1662
1791
1890
2126
2350
2457
2212
1893
1635
1515
1447
1431
1346
1245
1108
1117
1123
1057
1051
1134
1012
937
991
949
1012
1020
902
909
909
799
778
743
776
800
744
729
697
754
721
793
771
730
688
663
614
564
563
561
610
550
611
552
519
437
405
336
315
300
229
225
180
175
142
137
110
98
96
122
107
133
187
234
387
701
522
