1
6
12
17
37
68
95
169
266
366
478
533
641
663
697
706
731
718
640
659
688
649
642
657
647
617
661
660
620
586
566
575
609
608
558
571
511
541
482
484
476
456
453
444
453
459
393
392
391
396
386
364
352
356
366
390
395
380
455
537
648
700
780
810
807
824
879
845
825
726
729
687
658
641
600
603
566
575
541
528
581
556
544
563
577
628
684
697
728
724
749
762
762
785
820
810
837
881
880
967
999
1082
1228
1272
1326
1353
1149
1023
914
951
951
933
1016
1016
1108
1128
1219
1049
1038
791
809
754
586
565
514
505
439
385
360
375
348
353
332
369
298
261
276
273
267
246
278
228
276
257
224
247
257
208
211
195
237
250
202
219
226
260
262
236
275
315
312
308
382
399
461
503
600
697
713
778
870
849
943
951
943
921
823
861
741
664
535
462
449
421
403
346
330
333
338
323
311
298
323
274
285
285
290
332
300
333
357
352
353
332
338
337
316
339
346
335
339
359
368
361
398
468
496
553
554
618
611
604
586
594
594
570
539
542
516
500
491
519
451
481
490
460
451
514
512
510
487
522
501
569
566
673
643
702
869
994
1342
2420
3121
5018
4246
1624
